86488
31841
57482
62005
82524
19726
49644
98402
89165
56861
77150
25225
36171
67316
56668
58247
86215
35720
80561
87152
34630
19869
37809
21445
80170
38966
58532
22992
36622
65087
19959
28551
81379
83423
20957
81042
37576
44479
77900
53675
15612
23631
44062
45348
36868
82998
37680
76855
34976
16910
72225
94884
75360
62311
80838
41345
35057
44130
83652
64863
24909
67641
53449
92439
30624
47085
65613
57877
64374
77044
41439
51883
27214
85452
25943
61842
23188
94205
94595
45896
82228
60052
82386
35859
15700
22283
90690
48604
67894
98128
70920
36210
42154
65453
75668
80748
57620
53546
26480
77831
40146
94726
47224
63467
64680
89450
33618
34364
65304
57341
79306
82643
28898
30067
64537
93607
20428
48161
70484
68248
96366
70700
49288
52842
61860
45966
38849
30264
42579
26512
16540
39693
96405
88514
18464
20287
33569
88844
98493
19410
81894
91573
18529
52117
60444
54016
93057
96485
99764
85281
41252
40717
83578
63786
40664
40746
87765
40308
50228
78640
89968
78354
63374
17666
89798
45399
89219
69188
60510
39512
90052
96076
46704
89973
54471
99898
83984
20341
82422
87976
18638
41640
35975
74773
49345
90061
83989
46284
95667
46600
88525
72434
36926
66483
23674
18687
70313
28198
33314
99228
73687
61629
51870
99977
64721
70969
54139
63693
53775
16412
91594
39536
81586
82319
93854
80360
26890
71318
95533
77751
52450
86500
51298
71474
85114
52874
38464
66293
52460
30370
82032
17397
89671
58566
73948
31056
92118
38870
93446
20992
67424
41995
75796
84573
35922
54363
50984
20454
56178
80232
49293
75712
69854
56731
31634
88225
87228
61856
45863
41349
19174
47376
19159
35520
31014
68688
49880
99995
61136
16781
79278
60731
71290
83880
33823
94745
50525
77619
85215
42790
88868
20870
86502
99134
18242
92305
91563
97360
45673
24223
88033
79281
47100
15851
33875
97756
89068
58803
52497
89954
51593
68516
42649
28602
33550
72653
79593
91732
88199
56320
63527
59794
62384
86633
31105
37123
36787
66009
68638
45197
51051
91173
79250
18353
93275
83863
70366
83237
96707
24225
44015
55491
40498
98900
58715
87225
88908
82655
24140
30910
51441
97296
47001
41029
79370
29166
39590
80110
83127
66645
78768
30574
31716
96033
64024
66444
76252
16590
78962
17458
75674
87849
94876
73576
71204
15929
43799
98464
16733
58326
91102
57226
84403
48042
60492
18785
82015
22116
18689
53893
34748
63592
73679
80801
30326
97218
38249
49595
34792
67005
75224
40715
22464
66875
94893
23154
56949
95309
31425
97806
76630
68021
53991
29470
38019
50602
23442
60234
71073
34609
61518
23305
97730
96380
70392
59660
68691
86886
32344
93161
21488
31198
99319
82683
61098
51398
89125
33166
63081
34077
30939
95731
87196
17279
34401
92472
99559
35255
37317
66445
46640
42789
60992
92921
33657
22173
28625
87390
80112
54455
48343
51409
30401
38384
51491
52205
57967
93774
22154
99701
65437
47241
76048
83471
81204
47934
68459
16219
21339
46143
46006
41121
28714
24784
27608
78455
26254
26243
39497
25193
65595
94971
54573
42637
87539
95793
98303
94307
77768
83347
84471
36911
19729
25154
37729
38385
57691
76178
63111
95809
90337
46040
72333
53292
15666
62430
16859
66135
47142
67868
41457
30100
86705
40833
37943
67800
71807
53874
74230
87785
73683
51997
72485
65462
45830
54391
80913
50823
42685
49829
29392
36031
21521
44703
85030
58904
38094
51507
34868
51694
31244
68885
37515
63636
91643
90549
90597
76695
86982
72810
64687
57970
34023
72615
19236
87253
92199
31171
75951
82744
75143
40537
76559
38816
99866
46032
37728
66236
68504
88263
22460
88258
77534
66681
19280
49718
89043
49585
70948
62377
54165
63987
23799
39490
25128
36304
81989
18591
65489
19362
49289
77911
61641
73988
97191
47844
54685
38135
21198
73170
19598
84756
84302
67830
27225
28560
67809
64784
83729
24816
66537
37935
37770
27290
92868
90215
62499
67999
63249
23073
38165
77453
18920
76236
35543
75417
74579
66558
60259
52515
69229
96949
84322
77199
86836
15631
87423
16632
99026
74177
29211
18752
93591
35232
57205
16560
75859
30019
42482
26667
57243
83780
91191
15667
68056
55183
53800
23217
29385
96365
84682
53250
82855
85262
23221
17943
43541
97007
39004
33156
22234
95342
50220
51187
93369
36272
42269
38172
35957
73487
33414
65481
33012
22105
96091
49553
63890
43543
46779
26594
42248
98094
96078
82081
46338
32522
61949
90267
84413
26122
20647
89577
76240
79194
87346
82194
22514
51317
94102
90865
29464
36593
45106
41693
40331
30767
80327
82157
47826
28994
51218
34432
87835
97175
48406
91584
17957
69812
67479
66869
70978
23909
96542
32822
48577
37156
60071
16380
63506
44173
28889
38543
21848
43159
84493
82853
94061
32920
91108
64070
92128
37181
98952
26970
90686
74170
32382
45115
26985
33986
53364
42764
45205
34041
34616
90289
72971
61544
43425
53622
74691
37419
68860
17699
34183
36957
35261
41001
60048
25220
56466
86042
79999
72925
43760
97154
91943
37112
59836
94413
63680
58346
29467
76931
84239
69288
82780
67913
39736
92310
46851
45076
39132
63090
61735
96925
17443
99039
86080
56300
19060
90683
34588
95908
84228
19530
76417
78747
25082
43245
62392
47148
86894
22416
84073
23045
18953
26138
76666
76127
31668
39449
69183
35389
54231
46630
50393
75120
24719
91452
24895
68015
52010
84280
75692
60914
76431
62925
62601
36269
22127
20590
97830
86349
87791
41976
51608
78627
22430
80236
88546
73547
92191
15298
93778
88921
59461
63871
93473
77835
86316
25192
65285
64016
67361
36674
76664
76597
56744
92361
83140
73682
30283
63628
23447
89268
51128
46117
22517
60024
26718
47206
46436
42625
68618
24091
79445
24464
29896
49201
77674
43133
97465
89622
40862
51123
43414
19075
45823
68087
87979
70838
62952
70054
42960
76334
82950
92703
97195
24493
27319
85575
27698
89932
82141
29451
79789
42252
85331
74981
57489
33327
30493
93769
22719
83635
35913
55341
86246
16514
88045
18354
55685
18944
88680
67548
71946
18562
67358
15393
38824
27054
28359
59424
52185
49807
30077
50124
98299
66783
94523
19247
80237
87334
68876
54912
30547
40483
50579
75922
51199
54617
25516
54345
34294
56648
98682
26306
23611
97593
23825
94142
75509
38331
76902
19625
35311
28285
79369
50400
85317
81741
56238
72044
19798
87734
15398
26136
49048
87860
89598
93073
71607
56454
43297
34486
83204
69445
98183
35034
37102
68989
32664
41892
70881
26225
17217
35989
17215
62863
70786
66817
15149
23700
85066
67114
94783
71884
42407
32311
73540
50670
60600
38733
33042
78700
24911
83846
53353
23479
79058
20514
72200
64582
15144
92264
99894
40356
65363
33081
84021
50315
28362
43576
91454
64220
76892
22596
40354
22630
91964
60116
89788
85462
27209
70985
16609
68417
72125
32460
65624
20891
72943
19305
84270
15801
99709
25474
77467
98113
32743
43116
18291
28155
87868
80002
62819
24296
66456
59694
23068
44289
49325
75074
98653
62260
98984
75145
73037
44869
19759
31470
29599
26400
79433
91853
55539
89186
94468
89708
46283
98983
75978
68023
40335
52206
91500
80530
53201
48528
58510
58320
50073
75558
97511
84148
57746
96547
87386
54382
85337
22774
64324
38255
34749
66469
64787
93479
82230
61899
61264
33548
87378
81153
71798
52846
43375
23287
30838
35675
89575
46708
43948
59864
62794
47728
74051
58154
56395
58035
82021
29428
56106
27391
27154
22959
64082
98770
97965
93130
40558
37328
34795
97487
35734
78238
42034
60037
50744
57475
76683
75735
22523
85039
67027
87084
34467
83612
85547
49874
32486
19502
82518
48207
46803
88658
93946
35094
55015
92945
70177
41680
71809
70556
32104
25810
41023
82014
20080
55944
60477
66193
23770
97969
96089
40843
27289
85044
62525
70735
62118
20909
57105
23920
50364
35670
36727
55148
79951
48641
44253
70359
25540
42431
31372
76428
34285
62494
62324
54266
80765
77194
85830
84240
28331
88960
64430
71305
57950
52333
93672
63156
15161
86923
28233
38775
20893
53561
17743
55569
51201
50843
16862
65866
55756
20249
80385
18458
46680
28886
18710
53702
38881
35077
80433
86186
42038
78810
36763
88178
44957
18662
98768
59914
88359
85270
31047
90043
97894
34244
27747
68967
81283
36081
43599
63212
15546
53774
41024
39745
29371
37218
40359
30788
82538
76360
72486
58536
43717
75084
58470
82651
45442
59239
55296
85401
99198
30725
36594
40706
42181
15224
47923
35791
55961
95357
74267
25160
92123
90582
62533
49183
70089
30790
60237
50205
25139
69724
34194
74989
54765
98674
95864
23977
16679
83062
78718
34464
40108
98579
44392
99895
89795
74781
27590
86875
90657
98915
57861
25673
81328
32833
25089
80301
27902
32280
34828
53714
17913
15804
85983
78035
65847
16586
94881
39344
48179
77785
17471
55643
69596
55033
31258
24454
54655
43516
26514
81189
61714
80515
19650
42589
38878
54279
63900
25853
94097
26811
65734
64726
19257
30335
51350
98057
86631
68569
38212
23805
43380
48485
15007
27682
49457
72194
93554
71040
47163
21323
74027
47161
82179
95259
28572
33505
15091
26181
54925
32622
45725
71085
66133
75742
80518
93739
74168
93962
62023
75910
47308
42531
28124
44421
78759
40770
20642
56843
71908
38291
17798
20110
82786
69414
48423
80973
88563
79078
95232
73738
54456
33800
50253
33788
40383
80036
26235
55073
45687
66434
79017
95651
55716
73907
17723
30343
49284
20145
33803
94721
32716
76409
27631
95392
64519
21030
89918
78754
90425
39901
33071
57321
32352
62649
45179
76938
68553
36533
61673
87153
98633
68291
43657
47033
38615
72329
90726
25111
39377
34163
93614
91375
79458
51747
32969
74350
71525
77750
33827
87844
55695
73143
18257
94541
39953
38596
17945
30389
88611
63465
28876
59263
39323
63511
65003
66834
18836
58007
61593
45974
25885
56185
32535
82116
96951
48025
43883
81248
82498
71973
51206
65824
66652
54431
30694
15802
17828
70675
51426
83835
58281
42323
83961
66915
68285
93169
80413
91493
19049
18938
17672
94441
23434
44281
71200
19779
58353
56144
17547
83271
97947
53063
97809
25888
78976
26768
71340
56835
25366
46022
46216
35124
48543
35291
52499
74535
59458
90890
33821
51574
70496
75375
63630
72648
18840
43964
93193
87019
97238
25327
16755
22389
28835
62732
70112
61950
67413
96934
42399
68019
57403
20572
23143
18415
96764
22004
17060
37002
53193
32788
83511
51070
98747
85825
37429
21632
56191
92680
80956
80812
66678
47251
43818
85883
76166
62549
70875
93166
67755
28673
54557
43410
58221
26393
22969
27521
59282
40273
16723
76739
46688
46582
85963
44260
56778
22840
60786
39851
70984
98657
65602
49241
28021
54480
50476
24977
41172
65056
99840
61026
74419
74801
96634
86943
40946
25819
26960
26836
26492
71485
59238
18537
17757
65281
97683
51233
32151
42147
98140
83131
29576
76381
66043
99257
62807
85457
70009
23513
29454
76730
99649
97299
61993
99163
39035
32308
93463
91794
87292
35342
20254
48508
33228
50528
25352
99696
95199
89614
38086
78765
80711
36088
25239
48162
81892
63521
66038
60974
26570
95932
79222
59619
34292
82169
58454
25012
43056
21486
37067
46076
68994
50446
40176
67092
55868
20900
18144
77251
71309
88482
18204
84927
84711
46085
77353
75779
47345
53234
78560
41076
69192
97214
86128
55727
31300
47859
77483
77873
24848
94849
68971
97771
20959
66279
21756
96675
88262
88630
33000
69554
82118
40524
60824
52822
77113
27468
76268
26858
33682
55374
44348
20809
52059
64179
90940
48791
50188
25125
60560
37963
75199
37279
21502
61348
40077
68776
26022
97839
15429
16203
60714
90092
62423
44893
79453
36522
69717
99542
85519
42391
50322
55050
76803
61377
54616
56902
60898
55827
93295
82303
62627
92465
89152
58911
24088
98739
66123
22199
40401
63189
58482
57397
64162
71836
99204
37248
35025
80589
38593
30773
22674
31186
87434
93280
53678
76862
46364
50323
22423
56504
94912
31795
64265
37984
73922
79228
30468
96520
79902
34301
31848
44020
84214
42348
39230
40616
53053
26051
53980
90646
81681
59579
16340
18324
44618
19475
53093
75303
46367
46783
66732
15572
62768
78931
83508
53475
54432
86005
15864
90018
79388
58461
74067
63440
40299
33326
95732
77713
27378
36355
74510
60942
81409
29386
25635
89438
53176
36441
57020
60509
91582
96713
65927
94206
23751
74524
15575
25215
70230
83190
42167
35653
65276
97233
26820
99722
72314
55065
33798
58706
56477
29201
35940
80663
36492
89235
88255
31714
82902
87083
79455
91895
62644
80008
23413
82872
54677
91203
83250
85882
18084
84497
88744
97231
94579
53643
56334
18236
85178
34524
16949
66228
47017
62625
54946
24589
72318
63528
66148
80950
17679
40921
84603
29570
19563
33426
41590
72288
99793
29974
59959
44039
80445
65487
27880
65583
84943
90008
81356
29278
45997
80478
62011
58937
70157
27165
32027
17306
95787
55359
61943
17891
45908
73702
40840
72670
52680
67094
93196
22316
97633
94591
91423
15354
38933
49986
20155
32113
67105
26742
31899
66669
46110
59297
58293
99282
44778
77320
83365
79440
86381
83820
63638
36997
71797
73518
81226
15027
38950
60945
99158
77498
91397
24448
41256
88962
50634
20304
80739
87298
37030
67108
48589
74713
18811
55898
42747
67623
15242
72186
88671
47390
45416
72458
37794
82688
92954
16292
67272
89085
64099
55445
70584
72521
35231
57435
79260
87621
66417
38575
98109
19389
81424
60465
93615
20614
85952
51372
66164
32547
76230
92430
94096
30775
32449
16532
74078
66339
50155
85302
79404
24931
91187
92315
61874
65393
63202
74701
15213
31071
81218
26626
42140
92062
35176
56526
43888
62275
60608
47121
17179
59344
50934
41525
30038
65192
86048
46234
90212
35245
61142
89586
76018
61742
46079
84372
26572
97826
33338
42754
73861
23579
65322
38082
72475
69303
88231
88481
50443
20597
33797
89872
29117
96741
43906
23836
27640
88590
71626
27172
43195
73473
92960
87794
55342
86436
56544
52451
29065
80890
44462
71152
93660
74164
23137
32211
52737
40602
68060
61855
30338
44890
92155
37163
33477
61517
17369
70607
80572
65802
92175
77583
24137
27994
66464
64266
70319
60165
93507
63044
26719
67229
23784
75238
26831
19371
19912
54970
77237
37165
63176
50256
87554
49061
84694
78859
38374
43572
88695
97957
82881
84722
29140
43561
42243
45294
63308
88073
89587
38156
27861
51825
89746
18214
75713
24780
73960
40436
57526
54169
69103
34855
98147
45935
19138
34412
85289
50325
98713
40757
26910
95289
95108
98866
18037
62477
56493
92494
93072
87369
28915
88911
15176
72154
76328
98356
40026
16780
43520
96748
78430
71839
92677
83764
28334
94276
84208
80860
95220
69099
18398
49892
68134
68460
20400
46346
94639
46302
75393
17648
43618
40328
63499
96060
42976
78025
40192
83886
31644
85003
27487
44059
24255
42852
88615
86226
16386
49074
93725
54822
26007
35241
45052
95821
22162
52269
52283
51531
52833
94303
33589
63816
67079
26088
65017
49726
57047
31815
19451
57333
63050
32263
64914
85561
24075
67609
32674
71185
23859
74453
79462
68730
73522
59788
40591
23477
60997
88182
66983
42797
40107
79941
37994
23592
64332
54827
69956
62415
17930
46467
77894
57096
52247
65808
53877
97673
26299
65654
85375
36106
66735
40044
35100
91954
15934
17514
31742
17183
74964
97536
46029
47381
24141
65297
82955
31017
43361
48560
31834
38600
47805
19973
41905
54427
16387
80199
41645
24342
34371
97449
71187
63001
69878
88150
42121
48736
77221
35163
17803
66046
83130
33610
71120
61821
30266
35324
86389
43226
94788
62523
22723
22454
61902
81477
29878
65653
25414
74668
58818
23788
43626
88957
46028
74552
63459
74130
80423
15490
15968
83761
65905
27821
88771
76265
43911
25714
33793
92524
86687
24051
51711
91650
59773
24634
50191
80897
80412
23555
44321
61558
43961
97151
20449
79640
33383
16499
73602
98562
81260
96359
71121
83417
33197
68820
53686
25878
45579
30386
80122
29156
72364
71385
99568
32436
96689
38514
18981
91520
18349
19660
35500
47760
93673
42865
41376
45392
40987
23236
40603
89922
60185
27970
64145
97324
65696
77068
79583
95124
91228
53303
74923
76239
54059
36908
36828
52649
84249
40014
58852
50143
93082
51418
82431
16095
80968
48621
52230
86558
39336
44675
50874
56312
39440
63442
57099
15503
15216
48655
64236
32183
82816
97699
96833
50307
23334
56067
73871
63739
59450
94455
82980
96390
82387
26654
60210
55232
62320
96433
69638
31383
61705
97022
98957
18930
37210
87435
76894
24715
66111
56058
56838
89142
66031
23411
47878
95996
94708
73624
68857
18518
50640
29608
48252
96256
67890
59949
96768
80814
55082
66375
84562
16330
91984
27491
91822
98871
48649
86205
37558
46224
54761
62504
85389
49976
60633
71565
99497
42817
66701
67250
27440
45847
84080
84505
97723
97715
42486
40657
49909
18976
26684
21691
35652
98805
38534
45730
30249
32559
46114
80767
49199
25228
34069
63271
83105
48703
34482
89729
85567
44834
38101
82309
40021
62300
35706
83572
95603
77158
22374
53796
66114
76616
31596
29226
19628
96593
46476
65085
29739
49043
66590
72823
94287
84937
23740
58493
53745
15779
39410
31207
93135
78477
51447
35638
80859
88077
23926
89603
31978
24089
82969
93790
54588
41570
98712
38566
86366
72143
49870
33271
53618
73769
69823
17154
40123
92372
77209
23877
30644
15330
81846
17531
81937
78262
50988
40440
31798
61732
38502
76144
43596
98161
39731
27383
56424
65513
97546
60260
63774
16870
32472
80946
96680
27079
41629
31664
85251
76026
60340
19853
77118
23273
65438
43051
31499
91966
88160
43929
55838
59705
21681
63023
21139
80150
93858
33154
32767
92510
76583
15257
29736
80933
41580
24567
76249
70520
18331
88681
40191
21225
24869
89602
32973
23108
73541
21061
95200
18644
53112
59919
66996
17872
25278
28009
39174
96864
83483
59023
93749
50808
62068
75093
69808
15609
52939
21630
36211
67021
89761
85582
78115
56287
97841
20224
39605
94722
25746
67057
26447
62199
76000
87304
90367
29257
24624
38178
63667
79566
79793
54864
85110
25427
59797
41251
63131
70170
59154
60452
22194
85068
92333
17716
73674
31184
21895
38868
96669
82988
66485
72969
35184
96747
63250
94058
34100
86077
47437
38184
64060
91684
36164
86811
97162
15680
44705
38307
19350
42328
26857
35430
56231
58184
54612
75294
73608
89080
98552
34843
80685
68236
28558
90510
17332
19692
84817
20960
60523
42299
65648
62531
27787
89005
31034
63915
92023
31584
32368
40487
54558
78483
25845
82959
34249
75578
96617
32076
96061
40028
48955
35095
80893
66246
20296
40022
82840
89806
51057
37681
19011
39824
15350
53260
15862
61594
62522
37972
88477
94519
91404
94645
76340
95607
74231
30062
35453
15782
61281
57502
37367
68952
85544
93012
37406
45265
67902
84635
62656
77531
88084
87954
77546
30943
40343
44150
28672
79265
38603
75438
92368
36196
93328
90546
53997
59910
66373
99979
89398
29031
57148
55839
99586
56367
45137
17590
85650
81510
34472
63501
25378
83124
68577
73018
25511
94966
17247
69544
91264
73392
43654
18779
55862
84048
89337
27895
83495
66984
98302
28800
88289
45242
90649
25558
40905
84344
88890
89650
73882
72548
89470
15729
40571
61711
36512
28894
69580
30741
51483
27140
95788
90086
45266
94380
63394
84207
32814
26353
28583
97486
44142
73411
92384
43079
88376
47665
41881
72829
22321
91795
86141
79035
23521
52273
36043
17613
55611
79217
77125
96837
79752
47303
57371
32468
57043
56923
31273
59549
86164
73476
21405
20797
31908
96045
25847
65290
42061
62010
65010
85181
35852
34889
17094
59019
27074
48414
54310
86860
22153
46711
31261
79225
44736
34347
86361
28206
29476
23947
87381
66290
92676
55080
89652
68812
91446
71679
23422
75282
84571
26720
57935
58733
59989
44354
69468
15135
55068
95066
45410
59497
63164
27702
25801
23564
38035
85320
19355
95675
61838
38779
27729
80401
60991
19315
75848
74357
52526
66941
21732
79465
38298
23323
61913
43542
20252
55496
39298
52105
98021
57934
55651
17859
46175
37737
34382
22583
86668
34365
72882
95285
72426
88488
41375
92164
43061
23374
33016
69322
80523
82543
90391
73017
35530
53846
53145
23557
28195
75975
87349
32906
34236
74498
92426
45355
74087
70560
61871
19499
68046
74932
41559
76973
94333
57597
36029
57596
86503
46352
18864
73657
23901
80448
40264
19955
72390
54290
55744
91654
82265
52993
78171
96420
27918
96223
34104
60120
29675
54722
97763
89169
39188
81122
55526
98705
25724
33816
61133
53891
36804
97362
35730
75834
56195
52440
29054
71811
50571
82877
62672
95901
44423
61971
78502
43729
62615
62924
84737
87836
93025
80794
36740
65542
59857
96349
74023
41089
93151
88253
21117
70937
88414
78265
45033
99037
27944
19278
60090
53368
54449
60858
33133
38506
91850
22183
67344
85323
36281
71435
68408
22110
48199
23585
84740
34447
69110
90595
59449
34113
23161
58661
19875
70417
49847
87213
65791
59725
77833
16816
74487
99725
59651
36101
39902
15175
99899
70633
19608
26982
62528
58418
63500
32400
92124
16495
73430
64480
33932
75332
89046
18281
31628
87365
94261
75367
46541
79471
57109
45900
47954
71075
16144
35207
34636
46671
65409
74101
22008
83556
83651
81953
86193
26132
31389
71608
45915
79149
19139
70558
21081
79983
47616
74901
36542
93745
94312
84738
28627
76824
33311
81246
22212
27281
83343
86190
77403
75307
71367
60428
45720
92330
98949
57339
60642
37233
84777
48510
54479
86153
74037
46460
87834
28703
15861
40203
70564
61341
94472
29500
63285
57768
70946
16649
59790
33124
58180
22252
64113
63989
46121
55684
79570
35420
51114
50301
95440
75516
36214
26516
97409
19740
85604
98228
19964
96478
96803
96662
79226
74621
66261
76709
59003
92021
35491
91352
27537
35746
86449
54027
16850
82183
22768
57601
66169
74012
99636
66630
47832
56149
52452
59761
95542
72955
35490
34043
26947
75807
26060
76393
35512
61239
16206
43540
19570
38978
94698
95379
55551
33861
17632
92085
18283
95587
79705
62708
51781
91647
23102
39704
98964
56070
37962
71752
42837
74738
82066
63504
68542
97859
21345
34315
91424
85672
86133
53422
99929
37009
37193
83022
30355
18199
71970
19009
52597
66330
93252
72037
31684
29813
33236
42795
15452
58143
16055
16015
45883
72300
23208
41982
20134
35501
24901
73903
23204
35801
49669
73982
88114
47554
82155
82753
53320
30769
44327
73663
85499
80669
21844
24897
30648
77731
32303
95430
45529
48928
76970
43592
58462
28490
21033
35297
75768
83422
19956
73772
88299
80844
33073
26093
48581
79208
83524
88796
98475
25189
20568
95084
23531
96072
95115
82449
37386
72161
46327
62058
38805
83155
81037
36842
30555
24828
95715
43554
65280
59212
36352
78740
90507
72237
63251
24323
54438
55638
66671
81019
15537
77226
27222
34175
96400
83502
20690
92659
77856
86522
21811
48549
63865
25095
95384
93752
33213
30911
30286
90928
62217
58792
74725
26175
17288
27191
45482
49747
62265
66556
59978
55072
67657
63583
18875
87480
91032
97226
80045
61287
71215
50186
43139
37952
73870
90641
16761
30622
47117
19153
29349
24468
56735
97800
98853
32599
61944
15671
57273
93611
26045
15719
50752
62338
38225
18611
29247
96789
77595
97376
93695
67148
19501
92613
86727
37974
19752
36538
97759
98897
84954
50884
27087
20573
47472
18325
49782
15136
46512
67973
94765
90805
59498
77896
73655
98308
29594
26222
55272
36395
53366
40115
22073
38329
56041
31268
34302
85573
48036
16902
66579
48669
32237
59172
91746
42686
32008
30143
46869
65298
72580
52701
73117
38561
87759
81901
52055
87217
88688
34657
55558
40452
59828
54074
80874
29019
47931
66570
75362
22958
20390
51537
70569
97502
85424
60767
35540
60325
33767
82499
74331
62283
27534
51122
58723
49973
86040
77054
61358
69652
46625
65070
39757
96450
76254
19377
36112
47999
25332
99368
47462
31264
88780
22738
16335
78393
25494
97374
37355
63426
77880
96341
64432
96474
34564
18673
78024
19669
27998
93881
17864
72586
31741
37435
32294
90001
85175
45817
80585
39345
38806
44545
60750
63878
38664
83940
17153
44716
49141
63654
25443
75946
77187
73806
20083
23648
54146
71655
83460
24307
57284
15057
32350
54206
58434
52801
20130
45880
28891
91940
51784
23884
73566
92209
40617
33818
61831
70094
70653
52161
57960
92470
75905
95828
94253
17584
58979
60944
89227
30868
52118
35459
24990
39450
97688
39709
21280
20872
22590
66829
53795
43854
50960
64335
87223
75923
94152
77217
90566
88325
90310
19265
96455
19721
51173
38390
66076
18984
93741
25371
65942
39844
15498
51666
32033
59178
95936
32662
26362
42138
76543
49832
58226
32545
67818
19496
61465
29259
76789
82703
92522
75336
59077
82147
84970
68708
19998
25380
60379
97602
97426
43428
75193
35621
86576
20824
17919
63873
19698
30722
23264
16690
65385
81764
99950
73709
78189
72102
70543
32886
79722
31242
71848
96831
52619
52749
69044
18605
53319
80570
24954
30516
47782
31411
74098
21411
36028
98727
89290
58780
51541
75030
34329
48553
30152
90543
43274
41659
81822
65827
55987
24360
56980
43894
92424
17737
23184
45217
43723
89454
40561
36805
23803
18142
77569
58384
66896
30205
81384
91079
39000
41993
68771
59081
16339
76815
63785
86575
21301
73734
61013
76376
35004
31679
17738
92714
67833
52697
48020
60797
64471
23086
32962
30883
41039
28424
87045
36003
15132
67796
31814
65032
52076
92986
34006
77582
20282
35032
52938
22597
99854
64782
91903
34832
32364
76821
24303
22151
90567
83104
93836
28484
99210
31845
59193
92282
21012
87492
49117
23202
41357
57690
79778
18070
59737
99699
34535
60525
94126
50283
89759
23054
15996
66700
77300
89791
29379
51289
45108
58947
33224
28631
79595
23672
74418
91392
48662
56607
98448
44113
53904
27410
57340
42757
50781
77556
18075
69834
20378
84992
36305
83320
16579
66568
40217
18917
97317
90248
48761
84606
96792
38219
46785
71357
64171
50605
84299
96172
86660
30473
61057
47372
31778
44165
29165
38919
38111
71496
82644
75791
23987
23665
30835
70502
29191
65988
15982
64417
23141
35007
17237
77358
50674
92099
62206
93594
42056
68452
43372
16433
69361
72371
39545
93472
49559
70711
47174
57014
45005
49387
26077
15760
24955
99978
54947
88928
94814
30494
45867
47281
41960
43418
41703
28818
65289
38780
65507
59878
19373
16490
41228
88474
20238
72660
95236
28901
89017
80333
39436
75552
89649
47560
80793
72627
78739
20588
63157
71966
30973
55980
41258
83097
77451
69657
40902
92721
25593
21431
82327
57473
97196
35270
38493
54957
67099
56050
44117
33974
64901
71093
79137
31733
31418
80039
83860
15909
41297
19874
17187
92168
90947
92566
33217
15438
49484
66595
80076
73338
57377
49365
78258
30737
99809
26705
83526
71961
61894
97802
40899
42516
39700
49035
62352
81496
98322
18235
65979
54672
37885
31883
62093
72555
79904
64117
89143
29221
64044
95511
74599
26069
19405
69938
44417
29984
44674
33536
38393
24763
50179
45098
74939
32991
34507
52467
89258
44347
66018
45128
79716
76923
33549
40472
32807
15391
70852
51367
27091
50876
55599
57353
26979
16452
21473
30607
80285
20553
58471
84178
31534
65029
75503
41837
31687
86099
19388
96731
29372
74877
86537
89429
17482
32758
86020
22962
34359
16398
36528
95028
44053
99032
40438
39299
22646
96991
30706
83156
21948
80352
73844
62240
41148
46074
42219
29743
53789
35832
35287
55112
33437
60385
81725
24577
36148
18616
86318
19212
70814
50554
32642
64972
95037
84408
75762
71993
75345
79989
75996
22918
83830
99403
63211
76966
91514
23569
69340
58018
50717
52576
21663
36357
77338
27164
80846
76956
52406
84976
35303
24730
37582
64156
33109
63818
25472
60774
15421
57007
82779
46293
56099
55350
56924
82019
36008
27845
15941
80671
96930
91426
18007
40129
73589
85367
69161
64101
39111
33250
73335
53704
54733
58252
75562
92886
41695
74376
17091
25048
42941
81974
80595
44729
67898
89298
23830
83061
93710
92621
30936
25717
46286
62141
79098
65268
39123
78903
42128
16113
34661
68841
96710
39630
82927
44662
87050
73792
25674
16996
86233
21645
95713
54299
60200
24440
80440
57668
71440
32358
44806
33580
15741
45789
63462
54184
29846
56052
92274
89059
67850
56177
67378
32749
59668
59525
81300
58015
78555
50730
86082
53822
56555
30958
62557
95224
21751
19500
51604
36115
72356
37481
20853
57959
72117
66017
40145
74965
23736
41473
36268
52388
61274
42561
62013
24997
68304
96633
78646
87315
22297
76274
22685
54039
51718
68719
43667
91416
81609
64789
51983
83039
97526
35871
80749
71822
98862
44181
66155
67619
82436
73757
99932
97103
53884
40573
62508
92567
55981
68832
43054
43823
81954
66873
79731
42300
74708
71313
18615
96182
26146
45751
70135
33357
66788
55583
66909
22152
69996
37465
57002
38574
81985
55797
72938
94843
28426
58825
79663
69372
61295
18134
91737
87116
42283
67261
25223
17756
40491
92167
71499
40118
25815
17231
34710
32764
35198
89860
37857
77254
74243
66324
91278
19744
62997
20663
63303
18034
28337
22831
46731
65902
21499
17033
39046
18105
52763
45153
84051
72828
39121
89989
73337
22607
39221
26440
79783
48055
58556
88588
35626
60732
83824
20980
89408
52024
32799
68187
23458
93452
76177
61934
24920
33666
33363
95856
53499
99261
60060
40999
77907
39321
37199
95171
47256
44222
78469
70422
46245
39538
53100
79497
82845
98934
39143
71102
20413
51169
83159
22798
64810
77078
48663
46003
58562
71644
34610
47984
30908
27234
62904
77950
35716
63822
54734
80590
47301
58531
40686
37647
66564
31972
86944
24304
72269
55307
34123
56336
93099
67565
89915
22695
88498
32643
26335
29424
57427
85172
65926
97579
71126
95691
53092
67351
45831
66957
36380
29704
54905
51148
74163
35813
16350
57811
87737
18503
88279
64733
81370
97144
17019
54961
39518
51770
29542
91012
46135
48180
37893
90666
73455
69474
42244
49497
92597
81186
89288
22272
38131
97740
17374
45981
92341
46974
31556
41890
70217
91019
59015
85080
91927
81253
97531
78076
72916
22328
22970
92363
50794
71380
86539
51707
46945
35837
66345
76513
32506
63171
62060
40149
52826
45351
56197
57884
43764
22575
89661
80181
47202
15238
23679
75860
74021
64406
20095
48128
51498
98571
89538
49941
78275
53040
97638
15347
62640
74271
79604
75944
36276
31805
66988
72113
20974
87809
94109
76270
86031
64746
40726
94319
30640
61234
52557
93586
20757
39491
18240
83248
22304
25432
72954
92787
65566
89222
94706
41481
85091
33640
15521
42570
62859
57577
79662
82676
68809
55214
66981
40674
95091
25425
34189
69479
65941
82092
29002
94714
74922
34430
63443
35578
62475
16740
60244
44101
54173
98458
63629
33543
49656
84380
35093
19655
90249
64879
85731
33389
77573
87861
30118
78159
66995
44755
47096
66757
76304
54298
33010
30572
63387
74183
52847
89930
95998
38160
51203
45630
37692
32509
58993
88183
32039
40495
93519
79761
36557
20092
66772
29183
95095
44728
27348
73128
78914
98889
36434
59869
64076
53026
30859
33510
73515
20648
69715
41130
45287
85658
76251
58747
71916
49196
33279
82587
44266
27724
58456
53433
23663
60962
64326
20884
29516
40003
35243
33696
91978
54708
76077
70241
68069
65094
18018
32209
81225
16577
80306
98240
81369
49627
39579
92236
56517
46390
84871
34280
36407
41354
75091
84076
76464
56114
64092
59337
81394
18713
83212
63515
67270
42512
77322
51627
74071
40204
80078
38155
77870
15256
51006
31037
49881
71793
36678
28895
75161
29474
38122
90406
94980
52734
20837
80196
45684
78614
42475
65169
79942
77205
78124
79734
59704
87699
69037
30707
93249
47907
93914
17905
60999
52104
73873
62701
20230
95860
75695
42077
54272
61197
20185
28972
25940
30736
21229
19715
39408
78408
42812
30628
53162
28605
73033
88377
66835
61225
31694
89405
82260
23226
63033
76479
86220
78824
75902
68321
78606
26347
23709
60801
48095
16163
28783
77249
22214
18835
23905
76271
42696
21717
31930
54322
25796
19077
61308
40776
41511
98887
97023
23562
59547
61495
46690
85093
61148
64309
95212
16752
29343
40197
97770
30977
79811
99048
47038
84416
78997
34122
84235
69150
83260
31346
36596
23280
77840
17491
51181
53374
43902
74090
21385
66134
87940
65431
69318
67451
83488
85564
53179
53770
58437
50582
99642
88141
80889
78139
59856
44207
40363
69253
77431
61351
45533
73697
85892
85511
70267
77124
88895
44134
47426
57233
98466
25135
61331
64860
64568
51335
68095
17083
81896
66113
60580
90316
95859
25959
92154
82658
95748
59374
80043
19836
19527
70334
78794
17874
51019
39756
38227
82448
46463
26927
42481
81639
16785
88423
62305
18950
34513
39811
91505
45352
81160
21982
16922
72391
85013
56253
81033
98539
66266
47167
53459
97356
49775
15408
21180
93089
32091
41203
71188
61110
18310
59136
93408
57234
73785
99028
30585
47317
64690
49144
53920
71986
83760
73332
80549
42816
52209
83446
67277
30821
69662
74849
66040
83467
37834
84806
32129
56484
56747
53484
49919
31024
16108
22005
49590
67910
64135
44569
55126
68260
45318
56525
68303
89505
82797
31827
30673
39263
20313
20971
85340
86026
59542
95459
74751
83889
44431
44074
69398
65788
66924
75317
33577
68778
62092
82935
95132
55198
90331
67348
64369
75119
49097
53989
85466
47556
71481
93844
79824
54119
76659
96543
75749
20438
80963
15476
95752
99435
54780
96817
64624
43240
82244
92071
57686
98457
81187
99224
51284
23170
15086
22006
41531
57836
73993
66202
64212
80922
49489
89514
69654
98338
94486
84528
77872
32432
88518
27071
46734
48394
42231
75449
63367
81265
83742
29595
59958
77672
92187
41521
18308
41804
49857
15448
65786
23053
97932
15523
58940
55562
26420
78733
23523
45764
34991
65996
47314
24550
58170
97935
99997
54992
33634
74048
67101
61028
97986
77343
87022
83199
87134
57951
22624
60628
57425
59716
38200
25559
99537
45289
15077
84865
61120
39141
44994
79019
55804
47854
85171
15186
37311
72471
93693
55349
22378
74896
62151
42557
51092
29822
91874
97975
85917
36810
38245
85038
38284
68122
59527
33578
61983
26655
19558
29086
84386
90273
71550
23668
50904
68375
53625
92309
73054
90168
31260
53286
20540
70410
31645
83942
48786
52819
24601
81312
38169
68447
15644
88755
18108
68780
80984
41863
91272
59957
58278
81852
98535
60941
28065
43475
16523
74767
16993
89755
21801
57283
41815
39738
75029
79584
83875
91006
38472
41975
58363
15845
57202
50412
19300
40639
58034
25970
36365
17342
59164
84718
18573
61489
93549
24701
79076
80960
39810
31602
75733
74106
33909
62349
22036
85796
94940
85910
34887
84011
99561
52326
32627
41078
30918
85690
76122
46342
67129
51638
41603
99309
29273
33117
61730
90087
61977
59046
74349
87312
35841
44924
22450
34806
99902
74423
23945
56618
48917
56964
26426
63922
17885
93952
38360
17308
71161
72264
49643
30076
84070
81956
42449
61411
53083
80839
86159
35612
15396
33417
35523
40582
83818
84638
60873
67596
61898
19087
98692
92081
58069
50507
80735
85076
23078
35988
80214
44600
33215
79620
99331
27085
39828
88760
41204
33130
84100
67580
85010
29995
81193
33018
18742
67566
71206
43842
88839
30193
85434
19219
71860
95287
71140
70214
27329
76192
61365
85261
18690
66368
61103
31473
16772
74029
21746
42207
16651
77033
18668
18532
23535
33759
43091
33361
25518
79339
65887
53302
53902
64157
94060
37226
94975
16487
16371
53830
64956
24326
74452
63882
23181
37268
87566
19391
83298
31582
52778
38149
32794
43201
95886
57302
79707
48437
88818
45337
81127
86459
23471
30402
20064
92188
55147
96418
78562
68881
42342
17181
87802
52877
41222
53673
76790
29687
64276
18999
69760
57894
84331
23133
78656
60930
46699
41575
40934
70409
59599
78816
65008
67146
24214
96775
97244
25187
29193
70252
25615
29946
69880
25839
33097
86917
28225
90184
61850
77243
94147
91163
65061
74248
96305
78019
71130
56415
40489
51004
97813
71972
72294
88817
89493
57988
98717
52109
28900
18393
60504
75738
46268
97416
44010
27638
75563
98741
49246
95035
98688
30472
26028
96579
43772
58115
48994
79088
19757
51806
62157
21357
57538
77643
81747
33626
37188
51943
17546
94448
17492
33099
91724
70760
40804
60420
65716
56630
91487
71736
30671
82425
63333
68777
21713
66533
56759
56325
79623
27618
33698
19243
34282
80426
60559
74467
83528
21783
45577
18343
31718
17130
45710
95235
37602
77850
95306
25043
30758
19797
94564
91229
46128
77591
79489
16278
69095
69309
63215
43206
33758
41348
21899
79059
36401
90451
23427
49152
22979
90922
49621
36646
92196
98085
28427
99600
69503
73026
57651
64806
92195
26430
46637
61948
80852
68999
60316
78869
35119
77779
28272
89167
93255
87999
71169
43997
28688
44095
78190
87879
27555
39777
90700
93462
60262
39316
83153
61246
58668
16864
20209
24622
73208
46622
44929
25539
92034
31958
26915
98346
23885
24530
35393
35405
23500
61109
95298
24247
50993
40824
97953
96169
71637
50013
47846
82646
20925
95451
98129
68064
98203
67500
58775
71175
19651
70248
28461
96018
47109
78299
28071
97882
50091
41379
50214
28477
84800
81490
29925
15764
70457
59408
25732
81439
71492
45116
85458
36294
24118
46601
67570
97608
33471
80386
65551
30332
59290
58139
50029
56196
52469
58960
57754
72420
37422
66963
78881
46444
29511
94632
63154
32811
63502
82119
32835
71493
27241
90996
28529
24443
22729
40015
92483
18248
86970
57762
66576
78439
55108
71643
94340
96555
17667
82765
64409
82907
36065
89638
21864
41917
91028
19670
98363
22735
88753
22664
84614
59564
41245
48922
16017
50889
79441
15154
45196
71453
15399
86776
97413
60475
79726
49076
98558
85202
74105
24339
61497
17413
64689
81142
59100
47606
40754
90758
39697
38873
36737
74612
42621
68924
16021
30985
86313
70296
38754
42793
53722
23160
50907
51236
70275
85216
21300
62503
56095
20122
55757
61942
55327
32006
77814
29422
58975
77225
40895
72608
58404
27835
35557
90762
83256
86473
55206
35076
85782
53378
17973
22914
50452
87448
25221
75434
33654
95883
65382
18206
36402
53838
40896
58765
81787
48308
90505
18923
66295
45190
40320
90607
51191
33223
54105
41410
68728
92179
56908
76880
59701
67136
37947
76437
55422
41478
38221
43490
19204
69796
62524
27523
58166
85431
20698
50778
50654
92022
84420
24387
74726
35691
36387
80574
75571
81474
84760
29275
26897
37741
68743
97649
86525
44497
74968
40109
87219
25900
30432
23951
49816
90446
26886
70064
60423
64126
65229
96003
62801
55508
73206
37255
30674
46272
75247
90263
37366
49261
48010
26043
15890
17580
76305
45859
41510
96512
81163
29212
36413
80620
44109
28062
87222
40216
96690
85356
77460
33493
43312
82848
55391
31879
20235
84277
96936
78659
49888
25713
71519
61801
99893
57714
36755
31726
78152
68105
33671
68501
23364
69908
28115
24084
28322
38143
24192
73816
86898
78307
65199
83146
66935
93071
21022
66398
79833
24420
29118
88250
71622
39262
56645
25739
96238
20878
32647
33239
28797
42059
15097
97117
69011
20021
37480
71808
61694
94758
57856
28405
35274
73250
71116
42752
93429
30738
42080
63523
41428
80443
31402
62167
97820
97542
39839
58789
43864
91438
28130
46471
26632
25631
82440
71975
90780
20621
27812
80477
69952
34346
81970
18426
74348
69869
24218
93129
37745
68974
60837
75823
19468
54548
64571
46254
40926
45158
68389
72710
24658
65106
75593
50451
73166
52472
40826
47228
69664
68549
79831
91842
30462
19034
94914
58827
34344
42376
18995
93756
32109
72585
18486
16150
28492
91391
81638
22393
56435
69536
36014
50867
31614
87072
99592
90060
74709
86755
85012
84688
26634
87654
47449
53442
85166
60844
98831
82471
90466
58296
18773
81463
84526
73321
37500
23712
88884
47632
56201
17741
15126
77974
42278
39176
67226
72964
23954
32425
29330
27566
60840
33695
77413
93312
29110
26129
64047
19383
34494
16683
43933
45111
54775
36769
67841
89556
87538
27703
75914
94959
69440
81941
76628
46788
94652
47203
90309
33094
82831
52860
76834
51356
42066
33948
29674
37570
22572
78049
78096
20977
94227
69481
95378
86460
56087
93933
87148
81359
40848
99145
50202
26135
88006
17898
90544
50564
32560
73705
61896
16193
65705
65976
70173
24698
85396
53033
63788
69846
71058
76926
39856
45078
60582
50768
52380
90335
89499
78505
75006
35461
36885
21157
51625
40874
57548
31395
56934
33780
98644
90307
63364
83059
74152
25014
28443
88542
77566
24910
66904
17451
19067
22874
39259
81993
32913
17238
93674
64546
50197
97562
47013
60595
82546
50278
22711
95011
97048
25345
67387
40978
82540
69609
29931
45136
91180
69631
27988
95332
40930
88974
72324
15905
52436
89707
57703
43928
32253
58361
53164
34672
25832
89992
76388
27010
92650
65614
85777
17010
67062
86572
85453
44828
78202
55521
69339
62663
33211
92653
42748
88601
83312
55393
33461
85829
73809
94310
69736
53267
32099
48814
33561
78305
88358
41091
77185
49905
71510
59505
41002
21660
64946
84343
98024
30042
97577
15822
45057
74560
46140
69237
66541
17365
47382
93837
93390
87819
70159
92156
62697
55565
48200
79283
80465
54326
67694
79506
37237
73924
31463
28258
44880
61343
25766
49309
42619
58691
86939
70045
40087
64422
54836
42220
41181
21146
76284
18309
44042
26273
56216
52057
36087
91512
48586
31231
66505
36505
68789
78289
97132
24594
99217
64947
57869
15882
86530
42326
86901
85510
27310
68499
98588
90820
90642
23710
65476
16722
29717
34596
21143
49685
44414
64520
29486
82892
70910
91251
80118
42040
44802
39821
34642
21493
20868
57282
29791
91663
64255
40474
34908
43103
97592
66879
75851
38535
85954
61002
99098
88801
33653
84120
46023
37805
22113
55894
32656
69477
30373
80612
16310
15924
35460
39441
96121
73159
81112
31373
69568
68751
82979
93431
84850
23118
26385
90860
75019
89891
81051
18848
58268
28721
47369
47220
33142
64479
63445
49793
36013
92580
27409
43908
26943
20674
59633
94923
63312
97617
19532
35455
64414
15499
17565
98718
46146
99138
48638
56015
84652
78324
96981
74449
99525
57505
78488
35990
62699
29895
58841
60421
37630
78666
71703
45105
25093
92625
84131
60977
91319
89092
92728
91244
51490
28804
53185
82575
22886
20899
34782
84808
23601
36111
22810
79504
82049
99841
39281
34469
16498
18769
33085
39432
40079
89689
96211
78790
51658
93627
77776
96957
60662
22028
23768
70167
31326
15085
17829
24806
90388
25538
72198
52773
67237
51881
49693
33086
80895
70148
99118
88699
65723
27956
77791
81345
79275
35635
55681
95405
58764
20746
89848
47969
18021
84757
74359
28431
28305
16478
38192
65637
46099
42324
31825
73607
48774
79685
53462
80182
80080
21656
99159
51300
23727
18299
41156
19458
92854
57404
72100
89758
94299
31745
93173
22276
95876
29879
28308
72310
98184
75104
96271
22908
72631
51573
21549
90712
97262
46796
38660
84094
37830
99766
84919
44186
52276
27265
54740
93997
42508
27107
55884
55136
37683
49330
69913
34395
87781
87144
64786
51725
67303
88790
51981
82679
41306
67956
15390
76405
72025
42100
44454
80272
31773
27274
17138
77982
88708
30895
56501
57131
73414
59444
99182
38083
70324
93287
19271
52453
25624
36543
48823
76152
93588
16228
92638
99553
43095
22358
20294
95476
49730
34423
94226
48489
62104
88617
47663
30929
81957
47863
67970
99951
75156
59066
90197
76136
67304
96214
39150
90073
65662
69904
83219
66328
26176
63153
41042
33455
29102
80980
66567
92369
94436
72690
21348
19136
33621
71594
41031
17813
60891
54208
69100
32790
21792
71074
32772
41003
49898
72346
34512
40090
36107
58839
98231
29421
44159
39915
75108
18645
67576
50332
54647
60039
84309
99864
39233
68892
87363
89936
69402
31998
59058
27249
35042
80562
72693
99775
15553
53128
65715
67717
70111
39806
41426
61425
61253
33751
15196
53574
76831
86086
79294
89230
31158
98404
15502
38377
43724
97263
58551
53423
42163
59089
78550
49112
90139
40917
41671
44112
77022
26379
42007
79948
58448
54884
59820
23418
36570
88998
45125
75451
81703
29977
38413
86534
16094
78257
63729
59956
88852
74623
85929
60845
66907
98283
17463
46927
57626
71849
16117
71246
92554
89146
39193
82205
62457
86863
45177
51100
20536
45491
38927
70580
74833
82442
64027
92385
77285
89430
45547
43225
34339
49363
24697
79757
47706
99875
90742
60655
95999
67659
72454
99191
21188
50925
94907
58167
23174
77014
96008
41424
39071
54509
87735
25814
29246
60386
65190
45658
20384
47813
83584
63596
62815
51979
73109
43538
32053
71299
64256
69770
92352
30519
82560
97250
83101
25092
18181
65739
39294
90531
31808
44816
53134
92608
34376
64850
34313
19985
99820
89583
75924
93879
55154
57696
21794
34099
66938
87053
47425
66122
18776
37119
38943
95442
97198
70728
47210
98428
28977
64230
33531
34526
25115
82884
28637
30039
43655
99800
71661
68681
20723
65050
45440
17067
21398
64013
36451
79755
87743
51161
24290
60627
17163
27973
33556
89039
22055
75913
38652
25302
93020
50008
45766
79649
21002
19954
98677
66011
72659
71976
50098
26842
19647
63328
34581
23402
32769
27823
51804
52369
21914
95462
21797
46173
28999
79922
56793
94532
58833
39339
69007
54162
45164
27634
93083
30768
19746
64054
59074
25608
71224
73533
76197
29800
88476
22764
76241
53031
23865
65117
97613
93194
59872
27066
40645
30902
64658
65568
21172
19703
81785
16581
99334
83280
95120
33843
33753
17790
71267
39620
39897
22998
22492
54259
53283
20038
73567
29515
90730
16907
55737
92346
73274
74945
69575
89453
16189
32698
50001
49872
40892
94039
81909
53268
71416
73959
32041
26201
53578
57640
22501
49039
77192
24563
89984
40567
62585
44941
98241
54604
94942
76631
50427
58615
67515
77407
94405
52189
48292
74951
89331
38893
21980
89449
45291
56076
46650
74885
39288
29038
81562
34000
35502
49929
93232
53813
84565
42777
92181
87208
79712
43879
64303
25522
20475
75764
54193
43403
35296
73849
73517
78721
53029
25694
54614
27699
57429
85656
49593
47051
19838
63551
57667
41350
46814
92630
89682
57827
48687
32844
48193
26323
22712
54663
94896
17742
61682
40419
22472
87440
24946
80920
53689
54433
50684
62454
42972
50395
46506
74753
47280
59963
87512
43271
25440
99574
86833
53238
56848
48460
22898
76639
59359
49939
49531
45674
65617
65780
45365
90794
84655
59733
24413
25695
58938
45000
53818
78272
62687
57500
52969
33348
87051
41218
56439
49875
78730
32856
18128
24893
30163
48194
81423
28020
89270
26902
78999
39952
80434
96909
16719
98467
78809
81432
66525
57460
80248
46908
73260
53402
53466
64476
48411
66507
22335
29264
82830
97799
36898
41484
95851
60604
26191
89850
42506
53707
57679
42246
24018
31027
47652
84107
45169
89782
20322
79482
25411
16159
72138
88696
37496
59416
72077
28730
22348
52640
58505
61415
84509
56489
76174
44888
77219
57907
46156
46808
40611
48591
84981
91936
27730
36201
41505
63481
86259
80752
75635
24494
88302
79220
85487
87928
51127
62839
17283
87461
66943
72411
77331
98846
77141
68667
75338
53779
48651
43738
79416
99425
63858
50480
75991
19295
21108
30352
61840
19524
31001
25531
64271
53211
20309
82920
64167
47955
27287
76294
99031
46219
67575
16680
94164
51952
54250
20262
27442
56514
26733
40430
20031
77753
98375
60784
72272
41372
74971
48568
29427
67365
19473
53451
52693
51096
53608
89793
43249
49230
51852
65810
24004
42755
56982
40877
57543
94036
68117
31053
82108
86270
42281
59780
19972
90074
53335
35640
56727
17876
60451
69505
40280
72120
96886
22215
62433
42363
18238
20066
42719
68495
61143
42791
38006
49181
30410
15962
80201
28481
84621
38302
45693
35022
86986
93303
42238
44258
71257
42708
87234
50139
42897
87383
95814
35630
87529
69784
68580
41168
61075
36681
58662
19533
99863
98528
52344
15241
57230
16042
75463
39443
28399
97466
26685
36086
43216
99267
94375
68980
18314
34964
50423
37931
28575
49084
99372
79808
36718
62181
72642
81508
38974
58617
61486
31776
61313
55048
30794
25072
50881
22175
64754
15237
79334
20468
46990
69991
21638
46913
61034
98292
95365
17513
50563
73620
38932
59999
18751
46591
34228
83377
58055
43123
21906
29328
38432
39639
57564
27897
78061
96313
60467
64083
81302
61897
71852
18365
85984
28671
53698
91348
65719
20276
69569
81855
47459
73085
95608
97264
21912
60218
94302
18197
54578
94008
24471
82274
67215
53098
81557
52442
45263
91555
75155
52457
43280
19986
17597
82330
88235
15780
26429
22180
53667
41193
59459
98785
80954
90581
68193
96010
50588
15233
26133
76984
29765
30109
84431
89284
40849
98501
20934
43362
81821
74898
76677
26829
54300
83376
47933
32178
38442
69927
40462
74588
89014
17524
15128
80290
24767
90417
96002
37059
55362
65078
49546
66059
92343
90556
65163
94351
86803
44361
24740
24020
18167
83110
18861
97307
83178
51160
96317
39079
48412
21904
34050
27883
15655
20099
64797
37540
49528
17645
91300
36900
25520
88300
74028
17559
15147
94464
27526
84230
95482
62796
24010
64373
35229
67881
57781
64502
23615
84029
54991
91351
50720
55740
86869
65868
35106
29725
35566
15157
90775
24460
96098
36504
67183
98102
62740
88924
38253
35464
32414
50481
39098
91806
21279
97270
48536
46206
16114
56263
44022
68385
55283
39058
32002
86149
55621
48353
40437
73060
95245
71551
77290
92670
73233
74871
47512
95559
27954
34225
79381
17690
79114
19283
72884
28436
50488
95048
60461
89064
63003
51091
30723
24783
49527
15297
95165
46552
22479
91891
37159
67186
44701
46580
75767
80472
46918
45628
18441
45866
31440
61908
39656
85094
74185
62036
45964
46553
33089
26870
98390
87963
54230
28875
23608
65269
84829
31112
45298
55190
33901
89646
79669
67278
77897
20081
47857
78546
50417
57062
97890
97316
82619
35267
33661
80964
56687
70788
76069
55857
21079
29290
68463
70660
30035
25721
34434
98825
43360
46812
37929
87869
89066
64759
85995
81088
96241
79090
25898
90234
64192
67224
85592
32685
17253
76799
75160
46164
15114
86832
20059
96535
56385
64898
50565
71262
79383
38012
26627
72375
44296
88128
34958
23711
41588
98143
93417
20585
67644
20556
46678
36619
16122
38674
84332
85772
59499
70810
95957
37001
96994
30986
87956
64828
62368
95472
58074
91356
85273
25420
64072
61907
39156
48264
60672
85433
37875
59002
69863
90370
52748
89834
60187
30796
45664
18211
41992
19380
48500
57733
78300
62241
55625
82085
57990
31919
45537
74796
87530
74328
59480
36756
57971
65384
88367
74119
22346
27432
70337
60317
25503
16718
90355
60683
99311
29442
18104
28635
50060
42576
33164
50581
76777
68747
71326
22634
38808
31447
50897
96084
88761
74585
86714
97991
71513
22564
56671
47222
21482
71459
21986
64177
70194
55952
52227
31550
82374
19821
51251
27207
98111
21522
38753
77866
18115
44886
76860
66588
33385
51064
50509
99755
45334
53957
65660
73264
17916
25246
75068
81403
72960
60966
51023
42292
92704
37696
41788
29059
22163
60095
83873
96062
84111
25275
48753
93320
25719
76868
45499
64031
85092
80336
68278
50034
53495
59215
15439
79479
17209
86122
17198
30869
89193
46447
71008
54979
87880
20188
93220
17660
79010
50425
69601
71800
56528
18508
61316
84256
91451
15781
16570
20752
75948
36899
65995
63472
40972
99380
21507
62723
53160
59661
91615
79336
48347
62316
36017
96337
82963
38594
69704
82143
78437
54825
77070
15125
24829
18731
67286
47271
70643
30323
46829
60539
16302
63682
38558
26810
88828
71118
26912
69275
56382
49326
84962
46756
40873
83357
39476
95543
82342
60301
98116
45640
58681
52093
34853
60135
44935
56518
38796
88122
19224
88579
96208
39485
54930
88599
86845
31428
64935
29929
63234
68646
65598
60098
68976
99732
24728
90494
18303
28184
31278
20835
71067
81097
22436
51712
22003
73621
19008
52916
25237
90038
48512
98393
21961
48592
19529
65517
94752
85498
53196
30719
86642
46589
94189
80834
87598
74346
57511
18285
59365
73867
28419
91513
39326
20212
79858
19510
65323
95723
68286
45667
56603
48369
64397
27029
27326
34665
31050
72984
78008
37628
64103
51850
29703
89141
83907
63290
38130
71782
44329
76390
82685
63272
31992
77081
60763
71856
64296
52479
18417
18628
93362
57419
28892
22565
92583
41529
19462
51413
57867
66633
96969
18389
56343
51965
21434
17809
41729
52733
40095
19901
96278
29175
22161
40543
40019
49500
59621
35518
33098
96776
16509
41859
36648
92013
43058
39015
52638
38162
56763
89116
66419
46157
48811
83004
36367
84631
98941
62472
86367
83057
98105
74041
80840
62285
67438
60711
52368
76491
49637
56601
57641
31640
37403
99807
74384
63898
91635
54354
17000
84155
68279
66976
47502
21425
93912
69341
93155
97876
59227
87096
16782
35260
59885
74052
87862
34404
16453
68662
74442
55546
61630
69884
26739
97200
39089
22632
63037
71025
61008
21670
62343
20499
61794
29914
64844
93117
53670
56452
94045
82076
45278
60310
59855
58449
18678
36414
91488
37430
73442
97387
83176
38676
91204
24726
97793
33815
75970
47321
76908
86828
72328
62785
93283
48033
35415
84499
38288
17848
49269
47528
57476
53055
51773
84764
33552
37173
60713
71624
79650
34790
71092
16704
63925
46244
83702
61190
42936
79592
34038
57145
73449
82351
37350
16766
23553
91279
79703
78815
15658
38697
25277
19252
47924
19741
39809
16998
41214
97955
24219
58398
31923
78021
65460
73641
76306
49717
45652
35803
51610
55535
49047
53829
76975
55762
96012
54248
18913
96923
35941
87636
87351
90447
62809
84391
99906
96363
72223
88640
16934
64920
23922
99103
78548
22566
91974
67875
59413
89516
20484
61729
83113
23992
57817
78678
24685
58913
30933
90192
96913
15815
55202
67951
91627
20019
70109
78251
92263
49670
44044
26814
84229
74838
87147
89410
92983
93515
53631
17056
35508
82632
62144
64988
40199
34742
29853
34946
50535
62319
26484
48666
79737
50590
86284
85400
30756
83112
92804
51615
85957
60061
73435
63748
85692
38830
19662
38782
93286
46454
32396
27248
43149
44665
70246
91776
33138
70577
62111
21355
78608
29098
16552
64484
81516
93829
94789
46818
31253
23738
33965
37179
65206
32525
94627
28398
92669
78411
28770
59650
91534
28702
93277
32232
72191
28922
89320
62511
43230
22736
41167
74919
39980
33459
52614
98081
71312
73744
31083
95635
50457
90020
78668
61243
73761
54123
97977
39537
86087
41497
95956
24124
18304
53694
98477
79405
91522
23879
63198
18490
87625
87690
52392
35685
38572
39912
42958
21909
50114
23906
38622
28367
83709
50974
62696
40670
65746
56948
68523
38971
48467
87907
50206
24822
61206
51607
67918
32217
80241
37926
15325
40327
54342
99633
92458
53593
58533
57103
95367
79464
64715
34195
70756
55414
99459
71520
37839
36288
61037
23676
64055
23512
81701
45918
84754
35090
52275
52755
30027
69196
76047
65882
26197
89261
36937
60291
29848
80649
97030
51988
37892
83577
23654
60657
98056
20682
82128
55582
95817
46360
53767
21360
56886
78108
23239
84126
61648
35374
96598
89428
91521
24244
93823
52505
28893
92380
28932
85464
45993
69320
39531
22648
31455
31570
81489
36478
25577
55669
52299
97690
40528
26199
93402
66085
52675
88043
54453
69298
71241
76519
22994
66016
57122
23872
72835
34819
99324
86477
63814
95344
65822
16650
17529
41217
17579
78047
92213
52048
84005
59510
41897
45500
97722
29869
48239
49982
62990
25402
15496
16220
60230
33911
64401
28543
87436
71774
67703
79582
45368
48365
82548
78459
40958
84514
89036
98704
87286
99965
50076
81913
42254
75912
75624
63841
62266
88926
48442
16124
63759
48037
58918
79894
41398
87832
92390
40486
48858
81593
21295
90160
88677
34522
44433
23392
93032
60035
89114
55773
45220
87005
37461
17024
58980
67658
84795
50627
39063
71638
41935
83675
38930
34539
26041
23303
47201
68175
45331
78325
21924
78472
81498
46248
57294
80398
97845
76722
44075
74940
25679
81615
28403
19187
15913
36536
88430
81319
77855
32166
71219
86138
35758
98942
60353
22499
88834
17883
74216
97815
29658
87044
41898
69028
65205
93177
60854
79152
45739
86198
40041
38568
26187
94397
82310
31730
83448
89027
93206
91339
38497
82088
56730
51467
90037
25055
43518
68293
99014
76941
29546
70835
49738
15925
97474
52653
96780
83373
83442
93324
46852
62178
35745
98232
22574
56028
57732
41479
80414
34900
46200
44813
48795
58758
48453
83599
61060
16338
72728
21282
90901
60345
26540
98798
28772
86089
46178
27133
88371
22829
39181
39073
70509
22419
45462
84418
38342
86127
79224
92229
92018
33280
69189
62991
29295
45149
40907
58576
16661
39430
97547
64441
47396
60626
97176
46834
16249
56192
72385
56049
72959
73003
83470
28884
80939
98054
26338
99516
63639
96656
17477
82849
89804
15047
92735
81802
37781
85321
16438
58618
34589
20233
21664
78954
60550
24322
95569
72144
38526
80342
68316
80260
56705
70802
85378
29116
95423
85962
22696
59882
37245
85526
91317
15004
21451
64553
59603
32972
79883
95593
95075
15254
33812
42776
16648
39130
17892
46668
90143
74188
70416
90984
62264
45311
24672
71981
41291
25889
79993
77730
49505
30481
23935
32987
81232
18210
93624
43154
30668
25439
71300
50216
19194
54676
17799
77567
71627
71671
90778
89849
17984
99109
96875
95743
31297
65830
51714
69170
72470
45067
95935
76916
28705
15244
35847
68534
85591
30856
99120
57379
55811
81665
51129
65355
58386
64338
61380
34988
62251
93457
85816
60367
61172
63097
71701
97493
79702
74994
79736
27285
66884
25773
73386
53209
29200
75450
68874
62184
66920
43267
89709
49448
22790
48710
57495
49572
68965
68855
30779
32335
50976
47471
70967
56007
49232
87188
52970
64781
46297
18079
18767
41324
28381
40289
42347
31938
77685
94241
71766
65397
71489
67285
46035
36630
76965
61211
96993
92519
65502
68893
33143
24226
27447
27598
20321
72452
59314
41574
73661
99505
41985
34972
91951
91908
22542
86666
57978
79596
15819
56625
42499
36435
46997
96204
28023
79938
16834
66406
96523
47408
27494
85049
71651
62201
98211
77275
56130
39379
83905
46651
65364
39570
99589
61278
29001
97402
72779
76835
81981
61531
80639
50608
46294
56453
89359
88218
75242
69939
19022
36913
35504
83976
32242
23517
56003
71038
84556
97737
53163
38714
56006
21601
60365
49165
80098
31658
32309
79238
97479
59428
93798
56693
22819
93062
49188
82073
57637
39039
30620
51977
91703
45743
90292
87263
48146
83198
23880
96545
35663
19126
63673
56116
47793
50986
54546
88119
66005
67360
62994
26916
30055
62116
33199
35192
65740
63904
93190
79555
75106
39829
29558
69005
83021
54209
59739
20524
94336
47015
73570
79005
69557
43973
86130
66661
59067
28533
86219
51059
28196
46330
64462
78419
76359
46649
85666
23138
30921
78682
78282
38610
68891
77969
75175
52622
62777
25155
20708
16035
83885
18364
26342
18873
87948
71911
81791
42017
82282
57806
55187
58851
68480
79193
31660
26745
69701
62186
25754
16188
88748
44358
35850
32787
46161
45102
91164
54608
32051
25152
53237
21400
61279
29776
47888
49009
36317
22686
37235
90031
60868
84056
24831
38952
95369
21250
31317
75356
32949
15032
90177
52108
96963
21543
64629
92443
53233
15745
39492
85960
33705
28623
65465
27639
66002
78637
74836
89038
27658
32782
89867
86641
33290
90482
72047
29446
35906
63133
19051
42395
33247
40606
45191
60722
58445
38510
45589
56628
54603
34716
28795
33983
57357
46769
76771
82204
76117
99283
66999
37748
47432
20040
57530
21395
25534
93651
24925
25648
44865
54966
71632
99131
81824
79875
29288
15645
24842
46809
76493
30619
96338
76386
77306
27474
16806
79987
67081
37250
98421
83607
33372
36626
98734
64011
68360
55069
77859
99640
48900
67697
39782
97167
24533
46303
94021
50848
45497
99664
58602
21542
89862
26862
70276
57542
21897
81376
18395
41685
39034
45060
96280
38595
85559
24777
50929
99861
17169
48691
95719
46881
28613
16040
97523
45585
57632
62934
41959
50920
79617
64043
34192
77064
74615
20395
82094
47495
82547
95604
55036
46554
29884
67090
37267
49974
79248
39979
49851
25871
58044
95404
72579
26930
36297
50017
50064
82389
22158
87521
97488
37075
60692
20794
60045
45195
78486
88030
84171
62057
75299
41698
53958
39924
94370
90804
83600
77390
97237
39196
75689
85806
64586
30982
32140
69997
35082
64745
26130
27651
74046
84043
82372
41597
21275
86662
47010
30553
93394
73273
23352
16984
37280
41774
86150
79982
86490
44822
72105
80289
29719
83630
89291
86162
57179
38193
22563
20744
96178
36944
28984
89547
72217
16181
47360
47024
78536
46655
43113
38285
70655
84271
69947
53129
51131
31210
81239
68412
86359
66187
83867
86242
48205
38839
15015
22700
87772
66084
20495
74739
39601
62889
20237
80001
17664
49944
98041
54278
45788
39257
19619
38515
79061
53369
31516
91623
15709
18135
89589
80128
21806
29225
82976
27524
65817
94385
66805
44693
91600
66673
25364
36416
48977
47698
94195
76906
22833
49758
45798
48346
40255
42612
98272
81816
51204
80105
34088
53987
48718
36541
48712
67347
99617
27197
29888
43377
75636
19341
64323
87947
59973
64633
60349
99529
85791
86821
28644
62070
60042
18413
32870
37217
54343
59823
51237
27399
97588
92230
74475
65897
22146
28043
79018
88019
89251
56816
34509
25703
22184
87136
22529
65743
55795
47973
78176
23393
60208
44129
24881
97320
90819
67139
70333
88559
99635
33291
88846
50334
23333
71275
47946
30314
25626
48719
51597
26435
40031
87070
16808
21383
54257
90694
18016
17961
40442
88637
24487
69405
83171
26497
68151
92397
29505
27854
89693
46957
79095
39245
96216
34496
37829
99391
90733
53927
42108
80147
61463
27328
99938
32324
59760
17388
38979
59121
49072
33533
68890
45384
74155
56911
64559
93363
33267
83917
88040
73796
69970
28128
32590
54645
88228
20571
80780
78587
96041
18546
98471
59691
22208
57938
86093
70490
56321
55331
22233
59420
23493
78819
58336
91334
71708
34675
15954
56880
86937
62062
97241
54936
59441
47592
76070
32687
77517
96302
19057
22976
97782
49803
93637
23242
76201
53010
85188
85436
97571
55950
22143
97415
84129
87476
78925
30172
59434
99919
85290
34219
76757
68621
16126
87131
89726
70681
76764
15080
67831
66860
32978
79782
56707
61145
89484
68202
35482
77817
48241
58856
17875
27830
62685
92975
53480
90699
67977
92707
88906
70956
74139
94210
51713
24434
31858
76967
85605
48407
42978
71840
39457
80879
88184
44372
15413
59379
61692
74417
24583
51436
87030
80563
19133
76029
99260
73872
21069
46768
94991
35815
99369
65576
92259
29235
37374
73911
77165
90439
24667
98698
86494
39543
54249
53683
41260
46941
62213
62830
75466
28706
24898
91269
58157
53911
30255
69111
37418
61767
45424
79460
28872
95596
47637
32868
92581
94852
87812
51521
53519
71129
78774
61033
46005
55413
59161
25971
21272
74938
76714
74530
97345
24187
18815
49220
51792
36057
60552
20938
90915
47190
20153
22936
34848
64023
96479
55730
25763
54750
46806
43923
40785
19739
78556
42703
28759
78415
79280
89265
74058
87068
18816
32317
26204
96387
21322
17496
94740
96802
25062
62677
24065
51523
70628
25693
64268
55377
22473
57880
71254
74437
31452
78134
68785
80111
62399
85034
55636
34019
16029
49952
60027
93682
66141
37032
74355
50346
97786
19434
66786
83275
87803
47516
65749
38236
62782
83383
57997
22112
81963
73039
63797
71279
56779
99335
95601
20933
40342
62731
54876
64857
73618
54553
38522
56121
69075
28046
36183
15893
18137
55527
83645
88602
72922
74332
25981
41401
93562
94160
46389
49555
15602
54915
88251
28354
58350
66937
38059
27155
68620
80853
57712
54906
89372
39360
32044
34438
41979
61666
83175
84570
83648
48139
90936
17523
63609
83407
77537
30562
44887
47380
87943
82517
