15004
15007
15015
15027
15032
15047
15057
15077
15080
15085
15086
15091
15097
15114
15125
15126
15128
15132
15135
15136
15144
15147
15149
15154
15157
15161
15175
15176
15186
15196
15213
15216
15224
15233
15237
15238
15241
15242
15244
15254
15256
15257
15297
15298
15325
15330
15347
15350
15354
15390
15391
15393
15396
15398
15399
15408
15413
15421
15429
15438
15439
15448
15452
15476
15490
15496
15498
15499
15502
15503
15521
15523
15537
15546
15553
15572
15575
15602
15609
15612
15631
15644
15645
15655
15658
15666
15667
15671
15680
15700
15709
15719
15729
15741
15745
15760
15764
15779
15780
15781
15782
15801
15802
15804
15815
15819
15822
15845
15851
15861
15862
15864
15882
15890
15893
15905
15909
15913
15924
15925
15929
15934
15941
15954
15962
15968
15982
15996
16015
16017
16021
16029
16035
16040
16042
16055
16094
16095
16108
16113
16114
16117
16122
16124
16126
16144
16150
16159
16163
16181
16188
16189
16193
16203
16206
16219
16220
16228
16249
16278
16292
16302
16310
16330
16335
16338
16339
16340
16350
16371
16380
16386
16387
16398
16412
16433
16438
16452
16453
16478
16487
16490
16495
16498
16499
16509
16514
16523
16532
16540
16552
16560
16570
16577
16579
16581
16586
16590
16609
16632
16648
16649
16650
16651
16661
16679
16680
16683
16690
16704
16718
16719
16722
16723
16733
16740
16752
16755
16761
16766
16772
16780
16781
16782
16785
16806
16808
16816
16834
16850
16859
16862
16864
16870
16902
16907
16910
16922
16934
16949
16984
16993
16996
16998
17000
17010
17019
17024
17033
17056
17060
17067
17083
17091
17094
17130
17138
17153
17154
17163
17169
17179
17181
17183
17187
17198
17209
17215
17217
17231
17237
17238
17247
17253
17279
17283
17288
17306
17308
17332
17342
17365
17369
17374
17388
17397
17413
17443
17451
17458
17463
17471
17477
17482
17491
17492
17496
17513
17514
17523
17524
17529
17531
17546
17547
17559
17565
17579
17580
17584
17590
17597
17613
17632
17645
17648
17660
17664
17666
17667
17672
17679
17690
17699
17716
17723
17737
17738
17741
17742
17743
17756
17757
17790
17798
17799
17803
17809
17813
17828
17829
17848
17859
17864
17872
17874
17875
17876
17883
17885
17891
17892
17898
17905
17913
17916
17919
17930
17943
17945
17957
17961
17973
17984
18007
18016
18018
18021
18034
18037
18070
18075
18079
18084
18104
18105
18108
18115
18128
18134
18135
18137
18142
18144
18167
18181
18197
18199
18204
18206
18210
18211
18214
18235
18236
18238
18240
18242
18248
18257
18281
18283
18285
18291
18299
18303
18304
18308
18309
18310
18314
18324
18325
18331
18343
18349
18353
18354
18364
18365
18389
18393
18395
18398
18413
18415
18417
18426
18441
18458
18464
18486
18490
18503
18508
18518
18529
18532
18537
18546
18562
18573
18591
18605
18611
18615
18616
18628
18638
18644
18645
18662
18668
18673
18678
18687
18689
18690
18710
18713
18731
18742
18751
18752
18767
18769
18773
18776
18779
18785
18811
18815
18816
18835
18836
18840
18848
18861
18864
18873
18875
18913
18917
18920
18923
18930
18938
18944
18950
18953
18976
18981
18984
18995
18999
19008
19009
19011
19022
19034
19049
19051
19057
19060
19067
19075
19077
19087
19126
19133
19136
19138
19139
19153
19159
19174
19187
19194
19204
19212
19219
19224
19236
19243
19247
19252
19257
19265
19271
19278
19280
19283
19295
19300
19305
19315
19341
19350
19355
19362
19371
19373
19377
19380
19383
19388
19389
19391
19405
19410
19434
19451
19458
19462
19468
19473
19475
19496
19499
19500
19501
19502
19510
19524
19527
19529
19530
19532
19533
19558
19563
19570
19598
19608
19619
19625
19628
19647
19650
19651
19655
19660
19662
19669
19670
19692
19698
19703
19715
19721
19726
19729
19739
19740
19741
19744
19746
19752
19757
19759
19779
19797
19798
19821
19836
19838
19853
19869
19874
19875
19901
19912
19954
19955
19956
19959
19964
19972
19973
19985
19986
19998
20019
20021
20031
20038
20040
20059
20064
20066
20080
20081
20083
20092
20095
20099
20110
20122
20130
20134
20145
20153
20155
20185
20188
20209
20212
20224
20230
20233
20235
20237
20238
20249
20252
20254
20262
20276
20282
20287
20294
20296
20304
20309
20313
20321
20322
20341
20378
20384
20390
20395
20400
20413
20428
20438
20449
20454
20468
20475
20484
20495
20499
20514
20524
20536
20540
20553
20556
20568
20571
20572
20573
20585
20588
20590
20597
20614
20621
20642
20647
20648
20663
20674
20682
20690
20698
20708
20723
20744
20746
20752
20757
20794
20797
20809
20824
20835
20837
20853
20868
20870
20872
20878
20884
20891
20893
20899
20900
20909
20925
20933
20934
20938
20957
20959
20960
20971
20974
20977
20980
20992
21002
21012
21022
21030
21033
21061
21069
21079
21081
21108
21117
21139
21143
21146
21157
21172
21180
21188
21198
21225
21229
21250
21272
21275
21279
21280
21282
21295
21300
21301
21322
21323
21339
21345
21348
21355
21357
21360
21383
21385
21395
21398
21400
21405
21411
21425
21431
21434
21445
21451
21473
21482
21486
21488
21493
21499
21502
21507
21521
21522
21542
21543
21549
21601
21630
21632
21638
21645
21656
21660
21663
21664
21670
21681
21691
21713
21717
21732
21746
21751
21756
21783
21792
21794
21797
21801
21806
21811
21844
21848
21864
21895
21897
21899
21904
21906
21909
21912
21914
21924
21948
21961
21980
21982
21986
22003
22004
22005
22006
22008
22028
22036
22055
22073
22105
22110
22112
22113
22116
22127
22143
22146
22151
22152
22153
22154
22158
22161
22162
22163
22173
22175
22180
22183
22184
22194
22199
22208
22212
22214
22215
22233
22234
22252
22272
22276
22283
22297
22304
22316
22321
22328
22335
22346
22348
22358
22374
22378
22389
22393
22416
22419
22423
22430
22436
22450
22454
22460
22464
22472
22473
22479
22492
22499
22501
22514
22517
22523
22529
22542
22563
22564
22565
22566
22572
22574
22575
22583
22590
22596
22597
22607
22624
22630
22632
22634
22646
22648
22664
22674
22685
22686
22695
22696
22700
22711
22712
22719
22723
22729
22735
22736
22738
22764
22768
22774
22790
22798
22810
22819
22829
22831
22833
22840
22874
22886
22898
22908
22914
22918
22936
22958
22959
22962
22969
22970
22976
22979
22992
22994
22998
23045
23053
23054
23068
23073
23078
23086
23102
23108
23118
23133
23137
23138
23141
23143
23154
23160
23161
23170
23174
23181
23184
23188
23202
23204
23208
23217
23221
23226
23236
23239
23242
23264
23273
23280
23287
23303
23305
23323
23333
23334
23352
23364
23374
23392
23393
23402
23411
23413
23418
23422
23427
23434
23442
23447
23458
23471
23477
23479
23493
23500
23512
23513
23517
23521
23523
23531
23535
23553
23555
23557
23562
23564
23569
23579
23585
23592
23601
23608
23611
23615
23631
23648
23654
23663
23665
23668
23672
23674
23676
23679
23700
23709
23710
23711
23712
23727
23736
23738
23740
23751
23768
23770
23784
23788
23799
23803
23805
23825
23830
23836
23859
23865
23872
23877
23879
23880
23884
23885
23901
23905
23906
23909
23920
23922
23926
23935
23945
23947
23951
23954
23977
23987
23992
24004
24010
24018
24020
24051
24065
24075
24084
24088
24089
24091
24118
24124
24137
24140
24141
24187
24192
24214
24218
24219
24223
24225
24226
24244
24247
24255
24290
24296
24303
24304
24307
24322
24323
24326
24339
24342
24360
24387
24413
24420
24434
24440
24443
24448
24454
24460
24464
24468
24471
24487
24493
24494
24530
24533
24550
24563
24567
24577
24583
24589
24594
24601
24622
24624
24634
24658
24667
24672
24685
24697
24698
24701
24715
24719
24726
24728
24730
24740
24763
24767
24777
24780
24783
24784
24806
24816
24822
24828
24829
24831
24842
24848
24869
24881
24893
24895
24897
24898
24901
24909
24910
24911
24920
24925
24931
24946
24954
24955
24977
24990
24997
25012
25014
25043
25048
25055
25062
25072
25082
25089
25092
25093
25095
25111
25115
25125
25128
25135
25139
25152
25154
25155
25160
25187
25189
25192
25193
25215
25220
25221
25223
25225
25228
25237
25239
25246
25275
25277
25278
25302
25327
25332
25345
25352
25364
25366
25371
25378
25380
25402
25411
25414
25420
25425
25427
25432
25439
25440
25443
25472
25474
25494
25503
25511
25516
25518
25520
25522
25531
25534
25538
25539
25540
25558
25559
25577
25593
25608
25615
25624
25626
25631
25635
25648
25673
25674
25679
25693
25694
25695
25703
25713
25714
25717
25719
25721
25724
25732
25739
25746
25754
25763
25766
25773
25796
25801
25810
25814
25815
25819
25832
25839
25845
25847
25853
25871
25878
25885
25888
25889
25898
25900
25940
25943
25959
25970
25971
25981
26007
26022
26028
26041
26043
26045
26051
26060
26069
26077
26088
26093
26122
26129
26130
26132
26133
26135
26136
26138
26146
26175
26176
26181
26187
26191
26197
26199
26201
26204
26222
26225
26235
26243
26254
26273
26299
26306
26323
26335
26338
26342
26347
26353
26362
26379
26385
26393
26400
26420
26426
26429
26430
26435
26440
26447
26480
26484
26492
26497
26512
26514
26516
26540
26570
26572
26594
26626
26627
26632
26634
26654
26655
26667
26684
26685
26705
26718
26719
26720
26733
26739
26742
26745
26768
26810
26811
26814
26820
26829
26831
26836
26842
26857
26858
26862
26870
26886
26890
26897
26902
26910
26912
26915
26916
26927
26930
26943
26947
26960
26970
26979
26982
26985
27010
27029
27054
27066
27071
27074
27079
27085
27087
27091
27107
27133
27140
27154
27155
27164
27165
27172
27191
27197
27207
27209
27214
27222
27225
27234
27241
27248
27249
27265
27274
27281
27285
27287
27289
27290
27310
27319
27326
27328
27329
27348
27378
27383
27391
27399
27409
27410
27432
27440
27442
27447
27468
27474
27487
27491
27494
27521
27523
27524
27526
27534
27537
27555
27566
27590
27598
27608
27618
27631
27634
27638
27639
27640
27651
27658
27682
27698
27699
27702
27703
27724
27729
27730
27747
27787
27812
27821
27823
27830
27835
27845
27854
27861
27880
27883
27895
27897
27902
27918
27944
27954
27956
27970
27973
27988
27994
27998
28009
28020
28021
28023
28043
28046
28062
28065
28071
28115
28124
28128
28130
28155
28184
28195
28196
28198
28206
28225
28233
28258
28272
28285
28305
28308
28322
28331
28334
28337
28354
28359
28362
28367
28381
28398
28399
28403
28405
28419
28424
28426
28427
28431
28436
28443
28461
28477
28481
28484
28490
28492
28529
28533
28543
28551
28558
28560
28572
28575
28583
28602
28605
28613
28623
28625
28627
28631
28635
28637
28644
28671
28672
28673
28688
28702
28703
28705
28706
28714
28721
28730
28759
28770
28772
28783
28795
28797
28800
28804
28818
28835
28872
28875
28876
28884
28886
28889
28891
28892
28893
28894
28895
28898
28900
28901
28915
28922
28932
28972
28977
28984
28994
28999
29001
29002
29019
29031
29038
29054
29059
29065
29086
29098
29102
29110
29116
29117
29118
29140
29156
29165
29166
29175
29183
29191
29193
29200
29201
29211
29212
29221
29225
29226
29235
29246
29247
29257
29259
29264
29273
29275
29278
29288
29290
29295
29328
29330
29343
29349
29371
29372
29379
29385
29386
29392
29421
29422
29424
29427
29428
29442
29446
29451
29454
29464
29467
29470
29474
29476
29486
29500
29505
29511
29515
29516
29542
29546
29558
29570
29576
29594
29595
29599
29608
29658
29674
29675
29687
29703
29704
29717
29719
29725
29736
29739
29743
29765
29776
29791
29800
29813
29822
29846
29848
29853
29869
29878
29879
29884
29888
29895
29896
29914
29925
29929
29931
29946
29974
29977
29984
29995
30019
30027
30035
30038
30039
30042
30055
30062
30067
30076
30077
30100
30109
30118
30143
30152
30163
30172
30193
30205
30249
30255
30264
30266
30283
30286
30314
30323
30326
30332
30335
30338
30343
30352
30355
30370
30373
30386
30389
30401
30402
30410
30432
30462
30468
30472
30473
30481
30493
30494
30516
30519
30547
30553
30555
30562
30572
30574
30585
30607
30619
30620
30622
30624
30628
30640
30644
30648
30668
30671
30673
30674
30694
30706
30707
30719
30722
30723
30725
30736
30737
30738
30741
30756
30758
30767
30768
30769
30773
30775
30779
30788
30790
30794
30796
30821
30835
30838
30856
30859
30868
30869
30883
30895
30902
30908
30910
30911
30918
30921
30929
30933
30936
30939
30943
30958
30973
30977
30982
30985
30986
31001
31014
31017
31024
31027
31034
31037
31047
31050
31053
31056
31071
31083
31105
31112
31158
31171
31184
31186
31198
31207
31210
31231
31242
31244
31253
31258
31260
31261
31264
31268
31273
31278
31297
31300
31317
31326
31346
31372
31373
31383
31389
31395
31402
31411
31418
31425
31428
31440
31447
31452
31455
31463
31470
31473
31499
31516
31534
31550
31556
31570
31582
31584
31596
31602
31614
31628
31634
31640
31644
31645
31658
31660
31664
31668
31679
31684
31687
31694
31714
31716
31718
31726
31730
31733
31741
31742
31745
31773
31776
31778
31795
31798
31805
31808
31814
31815
31825
31827
31834
31841
31845
31848
31858
31879
31883
31899
31908
31919
31923
31930
31938
31958
31972
31978
31992
31998
32002
32006
32008
32027
32033
32039
32041
32044
32051
32053
32076
32091
32099
32104
32109
32113
32129
32140
32151
32166
32178
32183
32209
32211
32217
32232
32237
32242
32253
32263
32280
32294
32303
32308
32309
32311
32317
32324
32335
32344
32350
32352
32358
32364
32368
32382
32396
32400
32414
32425
32432
32436
32449
32460
32468
32472
32486
32506
32509
32522
32525
32535
32545
32547
32559
32560
32590
32599
32622
32627
32642
32643
32647
32656
32662
32664
32674
32685
32687
32698
32716
32743
32749
32758
32764
32767
32769
32772
32782
32787
32788
32790
32794
32799
32807
32811
32814
32822
32833
32835
32844
32856
32868
32870
32886
32906
32913
32920
32949
32962
32969
32972
32973
32978
32987
32991
33000
33010
33012
33016
33018
33042
33071
33073
33081
33085
33086
33089
33094
33097
33098
33099
33109
33117
33124
33130
33133
33138
33142
33143
33154
33156
33164
33166
33197
33199
33211
33213
33215
33217
33223
33224
33228
33236
33239
33247
33250
33267
33271
33279
33280
33290
33291
33311
33314
33326
33327
33338
33348
33357
33361
33363
33372
33383
33385
33389
33414
33417
33426
33437
33455
33459
33461
33471
33477
33493
33505
33510
33531
33533
33536
33543
33548
33549
33550
33552
33556
33561
33569
33577
33578
33580
33589
33610
33618
33621
33626
33634
33640
33653
33654
33657
33661
33666
33671
33682
33695
33696
33698
33705
33751
33753
33758
33759
33767
33780
33788
33793
33797
33798
33800
33803
33812
33815
33816
33818
33821
33823
33827
33843
33861
33875
33901
33909
33911
33932
33948
33965
33974
33983
33986
34000
34006
34019
34023
34038
34041
34043
34050
34069
34077
34088
34099
34100
34104
34113
34122
34123
34163
34175
34183
34189
34192
34194
34195
34219
34225
34228
34236
34244
34249
34280
34282
34285
34292
34294
34301
34302
34313
34315
34329
34339
34344
34346
34347
34359
34364
34365
34371
34376
34382
34395
34401
34404
34412
34423
34430
34432
34434
34438
34447
34464
34467
34469
34472
34482
34486
34494
34496
34507
34509
34512
34513
34522
34524
34526
34535
34539
34564
34581
34588
34589
34596
34609
34610
34616
34630
34636
34642
34657
34661
34665
34672
34675
34710
34716
34742
34748
34749
34782
34790
34792
34795
34806
34819
34828
34832
34843
34848
34853
34855
34868
34887
34889
34900
34908
34946
34958
34964
34972
34976
34988
34991
35004
35007
35022
35025
35032
35034
35042
35057
35076
35077
35082
35090
35093
35094
35095
35100
35106
35119
35124
35163
35176
35184
35192
35198
35207
35229
35231
35232
35241
35243
35245
35255
35260
35261
35267
35270
35274
35287
35291
35296
35297
35303
35311
35324
35342
35374
35389
35393
35405
35415
35420
35430
35453
35455
35459
35460
35461
35464
35482
35490
35491
35500
35501
35502
35504
35508
35512
35518
35520
35523
35530
35540
35543
35557
35566
35578
35612
35621
35626
35630
35635
35638
35640
35652
35653
35663
35670
35675
35685
35691
35706
35716
35720
35730
35734
35745
35746
35758
35791
35801
35803
35813
35815
35832
35837
35841
35847
35850
35852
35859
35871
35906
35913
35922
35940
35941
35957
35975
35988
35989
35990
36003
36008
36013
36014
36017
36028
36029
36031
36043
36057
36065
36081
36086
36087
36088
36101
36106
36107
36111
36112
36115
36148
36164
36171
36183
36196
36201
36210
36211
36214
36268
36269
36272
36276
36281
36288
36294
36297
36304
36305
36317
36352
36355
36357
36365
36367
36380
36387
36395
36401
36402
36407
36413
36414
36416
36434
36435
36441
36451
36478
36492
36504
36505
36512
36522
36528
36533
36536
36538
36541
36542
36543
36557
36570
36593
36594
36596
36619
36622
36626
36630
36646
36648
36674
36678
36681
36718
36727
36737
36740
36755
36756
36763
36769
36787
36804
36805
36810
36828
36842
36868
36885
36898
36899
36900
36908
36911
36913
36926
36937
36944
36957
36997
37001
37002
37009
37030
37032
37059
37067
37075
37102
37112
37119
37123
37156
37159
37163
37165
37173
37179
37181
37188
37193
37199
37210
37217
37218
37226
37233
37235
37237
37245
37248
37250
37255
37267
37268
37279
37280
37311
37317
37328
37350
37355
37366
37367
37374
37386
37403
37406
37418
37419
37422
37429
37430
37435
37461
37465
37480
37481
37496
37500
37515
37540
37558
37570
37576
37582
37602
37628
37630
37647
37680
37681
37683
37692
37696
37728
37729
37737
37741
37745
37748
37770
37781
37794
37805
37809
37829
37830
37834
37839
37857
37875
37885
37892
37893
37926
37929
37931
37935
37943
37947
37952
37962
37963
37972
37974
37984
37994
38006
38012
38019
38035
38059
38082
38083
38086
38094
38101
38111
38122
38130
38131
38135
38143
38149
38155
38156
38160
38162
38165
38169
38172
38178
38184
38192
38193
38200
38212
38219
38221
38225
38227
38236
38245
38249
38253
38255
38284
38285
38288
38291
38298
38302
38307
38329
38331
38342
38360
38374
38377
38384
38385
38390
38393
38413
38432
38442
38464
38472
38493
38497
38502
38506
38510
38514
38515
38522
38526
38534
38535
38543
38558
38561
38566
38568
38572
38574
38575
38593
38594
38595
38596
38600
38603
38610
38615
38622
38652
38660
38664
38674
38676
38697
38714
38733
38753
38754
38775
38779
38780
38782
38796
38805
38806
38808
38816
38824
38830
38839
38849
38868
38870
38873
38878
38881
38893
38919
38927
38930
38932
38933
38943
38950
38952
38966
38971
38974
38978
38979
39000
39004
39015
39034
39035
39039
39046
39058
39063
39071
39073
39079
39089
39098
39111
39121
39123
39130
39132
39141
39143
39150
39156
39174
39176
39181
39188
39193
39196
39221
39230
39233
39245
39257
39259
39262
39263
39281
39288
39294
39298
39299
39316
39321
39323
39326
39336
39339
39344
39345
39360
39377
39379
39408
39410
39430
39432
39436
39440
39441
39443
39449
39450
39457
39476
39485
39490
39491
39492
39497
39512
39518
39531
39536
39537
39538
39543
39545
39570
39579
39590
39601
39605
39620
39630
39639
39656
39693
39697
39700
39704
39709
39731
39736
39738
39745
39756
39757
39777
39782
39806
39809
39810
39811
39821
39824
39828
39829
39839
39844
39851
39856
39897
39901
39902
39912
39915
39924
39952
39953
39979
39980
40003
40014
40015
40019
40021
40022
40026
40028
40031
40041
40044
40077
40079
40087
40090
40095
40107
40108
40109
40115
40118
40123
40129
40145
40146
40149
40176
40191
40192
40197
40199
40203
40204
40216
40217
40255
40264
40273
40280
40289
40299
40308
40320
40327
40328
40331
40335
40342
40343
40354
40356
40359
40363
40383
40401
40419
40430
40436
40437
40438
40440
40442
40452
40462
40472
40474
40483
40486
40487
40489
40491
40495
40498
40524
40528
40537
40543
40558
40561
40567
40571
40573
40582
40591
40602
40603
40606
40611
40616
40617
40639
40645
40657
40664
40670
40674
40686
40706
40715
40717
40726
40746
40754
40757
40770
40776
40785
40804
40824
40826
40833
40840
40843
40848
40849
40862
40873
40874
40877
40892
40895
40896
40899
40902
40905
40907
40917
40921
40926
40930
40934
40946
40958
40972
40978
40987
40999
41001
41002
41003
41023
41024
41029
41031
41039
41042
41076
41078
41089
41091
41121
41130
41148
41156
41167
41168
41172
41181
41193
41203
41204
41214
41217
41218
41222
41228
41245
41251
41252
41256
41258
41260
41291
41297
41306
41324
41345
41348
41349
41350
41354
41357
41372
41375
41376
41379
41398
41401
41410
41424
41426
41428
41439
41457
41473
41478
41479
41481
41484
41497
41505
41510
41511
41521
41525
41529
41531
41559
41570
41574
41575
41580
41588
41590
41597
41603
41629
41640
41645
41659
41671
41680
41685
41693
41695
41698
41703
41729
41774
41788
41804
41815
41837
41859
41863
41881
41890
41892
41897
41898
41905
41917
41935
41959
41960
41975
41976
41979
41982
41985
41992
41993
41995
42007
42017
42034
42038
42040
42056
42059
42061
42066
42077
42080
42100
42108
42121
42128
42138
42140
42147
42154
42163
42167
42181
42207
42219
42220
42231
42238
42243
42244
42246
42248
42252
42254
42269
42278
42281
42283
42292
42299
42300
42323
42324
42326
42328
42342
42347
42348
42363
42376
42391
42395
42399
42407
42431
42449
42475
42481
42482
42486
42499
42506
42508
42512
42516
42531
42557
42561
42570
42576
42579
42589
42612
42619
42621
42625
42637
42649
42685
42686
42696
42703
42708
42719
42747
42748
42752
42754
42755
42757
42764
42776
42777
42789
42790
42791
42793
42795
42797
42812
42816
42817
42837
42852
42865
42897
42936
42941
42958
42960
42972
42976
42978
43051
43054
43056
43058
43061
43079
43091
43095
43103
43113
43116
43123
43133
43139
43149
43154
43159
43195
43201
43206
43216
43225
43226
43230
43240
43245
43249
43267
43271
43274
43280
43297
43312
43360
43361
43362
43372
43375
43377
43380
43403
43410
43414
43418
43425
43428
43475
43490
43516
43518
43520
43538
43540
43541
43542
43543
43554
43561
43572
43576
43592
43596
43599
43618
43626
43654
43655
43657
43667
43717
43723
43724
43729
43738
43760
43764
43772
43799
43818
43823
43842
43854
43864
43879
43883
43888
43894
43902
43906
43908
43911
43923
43928
43929
43933
43948
43961
43964
43973
43997
44010
44015
44020
44022
44039
44042
44044
44053
44059
44062
44074
44075
44095
44101
44109
44112
44113
44117
44129
44130
44134
44142
44150
44159
44165
44173
44181
44186
44207
44222
44253
44258
44260
44266
44281
44289
44296
44321
44327
44329
44347
44348
44354
44358
44361
44372
44392
44414
44417
44421
44423
44431
44433
44454
44462
44479
44497
44545
44569
44600
44618
44662
44665
44674
44675
44693
44701
44703
44705
44716
44728
44729
44736
44755
44778
44802
44806
44813
44816
44822
44828
44834
44865
44869
44880
44886
44887
44888
44890
44893
44924
44929
44935
44941
44957
44994
45000
45005
45033
45052
45057
45060
45067
45076
45078
45098
45102
45105
45106
45108
45111
45115
45116
45125
45128
45136
45137
45149
45153
45158
45164
45169
45177
45179
45190
45191
45195
45196
45197
45205
45217
45220
45242
45263
45265
45266
45278
45287
45289
45291
45294
45298
45311
45318
45331
45334
45337
45348
45351
45352
45355
45365
45368
45384
45392
45399
45410
45416
45424
45440
45442
45462
45482
45491
45497
45499
45500
45529
45533
45537
45547
45577
45579
45585
45589
45628
45630
45640
45652
45658
45664
45667
45673
45674
45684
45687
45693
45710
45720
45725
45730
45739
45743
45751
45764
45766
45788
45789
45798
45817
45823
45830
45831
45847
45859
45863
45866
45867
45880
45883
45896
45900
45908
45915
45918
45935
45964
45966
45974
45981
45993
45997
46003
46005
46006
46022
46023
46028
46029
46032
46035
46040
46074
46076
46079
46085
46099
46110
46114
46117
46121
46128
46135
46140
46143
46146
46156
46157
46161
46164
46173
46175
46178
46200
46206
46216
46219
46224
46234
46244
46245
46248
46254
46268
46272
46283
46284
46286
46293
46294
46297
46302
46303
46327
46330
46338
46342
46346
46352
46360
46364
46367
46389
46390
46436
46444
46447
46454
46460
46463
46467
46471
46476
46506
46512
46541
46552
46553
46554
46580
46582
46589
46591
46600
46601
46622
46625
46630
46637
46640
46649
46650
46651
46655
46668
46671
46678
46680
46688
46690
46699
46704
46708
46711
46731
46734
46756
46768
46769
46779
46783
46785
46788
46796
46803
46806
46808
46809
46812
46814
46818
46829
46834
46851
46852
46869
46881
46908
46913
46918
46927
46941
46945
46957
46974
46990
46997
47001
47010
47013
47015
47017
47024
47033
47038
47051
47085
47096
47100
47109
47117
47121
47142
47148
47161
47163
47167
47174
47190
47201
47202
47203
47206
47210
47220
47222
47224
47228
47241
47251
47256
47271
47280
47281
47301
47303
47308
47314
47317
47321
47345
47360
47369
47372
47376
47380
47381
47382
47390
47396
47408
47425
47426
47432
47437
47449
47459
47462
47471
47472
47495
47502
47512
47516
47528
47554
47556
47560
47592
47606
47616
47632
47637
47652
47663
47665
47698
47706
47728
47760
47782
47793
47805
47813
47826
47832
47844
47846
47854
47857
47859
47863
47878
47888
47907
47923
47924
47931
47933
47934
47946
47954
47955
47969
47973
47984
47999
48010
48020
48025
48033
48036
48037
48042
48055
48095
48128
48139
48146
48161
48162
48179
48180
48193
48194
48199
48200
48205
48207
48239
48241
48252
48264
48292
48308
48343
48346
48347
48353
48365
48369
48394
48406
48407
48411
48412
48414
48423
48437
48442
48453
48460
48467
48485
48489
48500
48508
48510
48512
48528
48536
48543
48549
48553
48560
48568
48577
48581
48586
48589
48591
48592
48604
48621
48638
48641
48649
48651
48655
48662
48663
48666
48669
48687
48691
48703
48710
48712
48718
48719
48736
48753
48761
48774
48786
48791
48795
48811
48814
48823
48858
48900
48917
48922
48928
48955
48977
48994
49009
49035
49039
49043
49047
49048
49061
49072
49074
49076
49084
49097
49112
49117
49141
49144
49152
49165
49181
49183
49188
49196
49199
49201
49220
49230
49232
49241
49246
49261
49269
49284
49288
49289
49293
49309
49325
49326
49330
49345
49363
49365
49387
49448
49457
49484
49489
49497
49500
49505
49527
49528
49531
49546
49553
49555
49559
49572
49585
49590
49593
49595
49621
49627
49637
49643
49644
49656
49669
49670
49685
49693
49717
49718
49726
49730
49738
49747
49758
49775
49782
49793
49803
49807
49816
49829
49832
49847
49851
49857
49870
49872
49874
49875
49880
49881
49888
49892
49898
49905
49909
49919
49929
49939
49941
49944
49952
49973
49974
49976
49982
49986
50001
50008
50013
50017
50029
50034
50060
50064
50073
50076
50091
50098
50114
50124
50139
50143
50155
50179
50186
50188
50191
50197
50202
50205
50206
50214
50216
50220
50228
50253
50256
50278
50283
50301
50307
50315
50322
50323
50325
50332
50334
50346
50364
50393
50395
50400
50412
50417
50423
50425
50427
50443
50446
50451
50452
50457
50476
50480
50481
50488
50507
50509
50525
50528
50535
50554
50563
50564
50565
50571
50579
50581
50582
50588
50590
50602
50605
50608
50627
50634
50640
50654
50670
50674
50684
50717
50720
50730
50744
50752
50768
50778
50781
50794
50808
50823
50843
50848
50867
50874
50876
50881
50884
50889
50897
50904
50907
50920
50925
50929
50934
50960
50974
50976
50984
50986
50988
50993
51004
51006
51019
51023
51051
51057
51059
51064
51070
51091
51092
51096
51100
51114
51122
51123
51127
51128
51129
51131
51148
51160
51161
51169
51173
51181
51187
51191
51199
51201
51203
51204
51206
51218
51233
51236
51237
51251
51284
51289
51298
51300
51317
51335
51350
51356
51367
51372
51398
51409
51413
51418
51426
51436
51441
51447
51467
51483
51490
51491
51498
51507
51521
51523
51531
51537
51541
51573
51574
51593
51597
51604
51607
51608
51610
51615
51625
51627
51638
51658
51666
51694
51707
51711
51712
51713
51714
51718
51725
51747
51770
51773
51781
51784
51792
51804
51806
51825
51850
51852
51870
51881
51883
51943
51952
51965
51977
51979
51981
51983
51988
51997
52010
52024
52048
52055
52057
52059
52076
52093
52104
52105
52108
52109
52117
52118
52161
52185
52189
52205
52206
52209
52227
52230
52247
52269
52273
52275
52276
52283
52299
52326
52333
52344
52368
52369
52380
52388
52392
52406
52436
52440
52442
52450
52451
52452
52453
52457
52460
52467
52469
52472
52479
52497
52499
52505
52515
52526
52557
52576
52597
52614
52619
52622
52638
52640
52649
52653
52675
52680
52693
52697
52701
52733
52734
52737
52748
52749
52755
52763
52773
52778
52801
52819
52822
52826
52833
52842
52846
52847
52860
52874
52877
52916
52938
52939
52969
52970
52993
53010
53026
53029
53031
53033
53040
53053
53055
53063
53083
53092
53093
53098
53100
53112
53128
53129
53134
53145
53160
53162
53163
53164
53176
53179
53185
53193
53196
53201
53209
53211
53233
53234
53237
53238
53250
53260
53267
53268
53283
53286
53292
53302
53303
53319
53320
53335
53353
53364
53366
53368
53369
53374
53378
53402
53422
53423
53433
53442
53449
53451
53459
53462
53466
53475
53480
53484
53495
53499
53519
53546
53561
53574
53578
53593
53608
53618
53622
53625
53631
53643
53667
53670
53673
53675
53678
53683
53686
53689
53694
53698
53702
53704
53707
53714
53722
53745
53767
53770
53774
53775
53779
53789
53795
53796
53800
53813
53818
53822
53829
53830
53838
53846
53874
53877
53884
53891
53893
53902
53904
53911
53920
53927
53957
53958
53980
53987
53989
53991
53997
54016
54027
54039
54059
54074
54105
54119
54123
54139
54146
54162
54165
54169
54173
54184
54193
54206
54208
54209
54230
54231
54248
54249
54250
54257
54259
54266
54272
54278
54279
54290
54298
54299
54300
54310
54322
54326
54342
54343
54345
54354
54363
54382
54391
54427
54431
54432
54433
54438
54449
54453
54455
54456
54471
54479
54480
54509
54546
54548
54553
54557
54558
54573
54578
54588
54603
54604
54608
54612
54614
54616
54617
54645
54647
54655
54663
54672
54676
54677
54685
54708
54722
54733
54734
54740
54750
54761
54765
54775
54780
54822
54825
54827
54836
54864
54876
54884
54905
54906
54912
54915
54925
54930
54936
54946
54947
54957
54961
54966
54970
54979
54991
54992
55015
55033
55036
55048
55050
55065
55068
55069
55072
55073
55080
55082
55108
55112
55126
55136
55147
55148
55154
55183
55187
55190
55198
55202
55206
55214
55232
55272
55283
55296
55307
55327
55331
55341
55342
55349
55350
55359
55362
55374
55377
55391
55393
55413
55414
55422
55445
55491
55496
55508
55521
55526
55527
55535
55539
55546
55551
55558
55562
55565
55569
55582
55583
55599
55611
55621
55625
55636
55638
55643
55651
55669
55681
55684
55685
55695
55716
55727
55730
55737
55740
55744
55756
55757
55762
55773
55795
55797
55804
55811
55827
55838
55839
55857
55862
55868
55884
55894
55898
55944
55950
55952
55961
55980
55981
55987
56003
56006
56007
56015
56028
56041
56049
56050
56052
56058
56067
56070
56076
56087
56095
56099
56106
56114
56116
56121
56130
56144
56149
56177
56178
56185
56191
56192
56195
56196
56197
56201
56216
56231
56238
56253
56263
56287
56300
56312
56320
56321
56325
56334
56336
56343
56367
56382
56385
56395
56415
56424
56435
56439
56452
56453
56454
56466
56477
56484
56489
56493
56501
56504
56514
56517
56518
56525
56526
56528
56544
56555
56601
56603
56607
56618
56625
56628
56630
56645
56648
56668
56671
56687
56693
56705
56707
56727
56730
56731
56735
56744
56747
56759
56763
56778
56779
56793
56816
56835
56838
56843
56848
56861
56880
56886
56902
56908
56911
56923
56924
56934
56948
56949
56964
56980
56982
57002
57007
57014
57020
57043
57047
57062
57096
57099
57103
57105
57109
57122
57131
57145
57148
57179
57202
57205
57226
57230
57233
57234
57243
57273
57282
57283
57284
57294
57302
57321
57333
57339
57340
57341
57353
57357
57371
57377
57379
57397
57403
57404
57419
57425
57427
57429
57435
57460
57473
57475
57476
57482
57489
57495
57500
57502
57505
57511
57526
57530
57538
57542
57543
57548
57564
57577
57596
57597
57601
57620
57626
57632
57637
57640
57641
57651
57667
57668
57679
57686
57690
57691
57696
57703
57712
57714
57732
57733
57746
57754
57762
57768
57781
57806
57811
57817
57827
57836
57856
57861
57867
57869
57877
57880
57884
57894
57907
57934
57935
57938
57950
57951
57959
57960
57967
57970
57971
57978
57988
57990
57997
58007
58015
58018
58034
58035
58044
58055
58069
58074
58115
58139
58143
58154
58157
58166
58167
58170
58180
58184
58221
58226
58247
58252
58268
58278
58281
58293
58296
58320
58326
58336
58346
58350
58353
58361
58363
58384
58386
58398
58404
58418
58434
58437
58445
58448
58449
58454
58456
58461
58462
58470
58471
58482
58493
58505
58510
58531
58532
58533
58536
58551
58556
58562
58566
58576
58602
58615
58617
58618
58661
58662
58668
58681
58691
58706
58715
58723
58733
58747
58758
58764
58765
58775
58780
58789
58792
58803
58818
58825
58827
58833
58839
58841
58851
58852
58856
58904
58911
58913
58918
58937
58938
58940
58947
58960
58975
58979
58980
58993
59002
59003
59015
59019
59023
59046
59058
59066
59067
59074
59077
59081
59089
59100
59121
59136
59154
59161
59164
59172
59178
59193
59212
59215
59227
59238
59239
59263
59282
59290
59297
59314
59337
59344
59359
59365
59374
59379
59408
59413
59416
59420
59424
59428
59434
59441
59444
59449
59450
59458
59459
59461
59480
59497
59498
59499
59505
59510
59525
59527
59542
59547
59549
59564
59579
59599
59603
59619
59621
59633
59650
59651
59660
59661
59668
59691
59694
59701
59704
59705
59716
59725
59733
59737
59739
59760
59761
59773
59780
59788
59790
59794
59797
59820
59823
59828
59836
59855
59856
59857
59864
59869
59872
59878
59882
59885
59910
59914
59919
59949
59956
59957
59958
59959
59963
59973
59978
59989
59999
60024
60027
60035
60037
60039
60042
60045
60048
60052
60060
60061
60071
60090
60095
60098
60116
60120
60135
60165
60185
60187
60200
60208
60210
60218
60230
60234
60237
60244
60259
60260
60262
60291
60301
60310
60316
60317
60325
60340
60345
60349
60353
60365
60367
60379
60385
60386
60420
60421
60423
60428
60444
60451
60452
60461
60465
60467
60475
60477
60492
60504
60509
60510
60523
60525
60539
60550
60552
60559
60560
60580
60582
60595
60600
60604
60608
60626
60627
60628
60633
60642
60655
60657
60662
60672
60683
60692
60711
60713
60714
60722
60731
60732
60750
60763
60767
60774
60784
60786
60797
60801
60824
60837
60840
60844
60845
60854
60858
60868
60873
60891
60898
60914
60930
60941
60942
60944
60945
60962
60966
60974
60977
60991
60992
60997
60999
61002
61008
61013
61026
61028
61033
61034
61037
61057
61060
61075
61098
61103
61109
61110
61120
61133
61136
61142
61143
61145
61148
61172
61190
61197
61206
61211
61225
61234
61239
61243
61246
61253
61264
61274
61278
61279
61281
61287
61295
61308
61313
61316
61331
61341
61343
61348
61351
61358
61365
61377
61380
61411
61415
61425
61463
61465
61486
61489
61495
61497
61517
61518
61531
61544
61558
61593
61594
61629
61630
61641
61648
61666
61673
61682
61692
61694
61705
61711
61714
61729
61730
61732
61735
61742
61767
61794
61801
61821
61831
61838
61840
61842
61850
61855
61856
61860
61871
61874
61894
61896
61897
61898
61899
61902
61907
61908
61913
61934
61942
61943
61944
61948
61949
61950
61971
61977
61983
61993
62005
62010
62011
62013
62023
62036
62057
62058
62060
62062
62068
62070
62092
62093
62104
62111
62116
62118
62141
62144
62151
62157
62167
62178
62181
62184
62186
62199
62201
62206
62213
62217
62240
62241
62251
62260
62264
62265
62266
62275
62283
62285
62300
62305
62311
62316
62319
62320
62324
62338
62343
62349
62352
62368
62377
62384
62392
62399
62415
62423
62430
62433
62454
62457
62472
62475
62477
62494
62499
62503
62504
62508
62511
62522
62523
62524
62525
62528
62531
62533
62549
62557
62585
62601
62615
62625
62627
62640
62644
62649
62656
62663
62672
62677
62685
62687
62696
62697
62699
62701
62708
62723
62731
62732
62740
62768
62777
62782
62785
62794
62796
62801
62807
62809
62815
62819
62830
62839
62859
62863
62889
62904
62924
62925
62934
62952
62990
62991
62994
62997
63001
63003
63023
63033
63037
63044
63050
63081
63090
63097
63111
63131
63133
63153
63154
63156
63157
63164
63171
63176
63189
63198
63202
63211
63212
63215
63234
63249
63250
63251
63271
63272
63285
63290
63303
63308
63312
63328
63333
63364
63367
63374
63387
63394
63426
63440
63442
63443
63445
63459
63462
63465
63467
63472
63481
63499
63500
63501
63502
63504
63506
63511
63515
63521
63523
63527
63528
63551
63583
63592
63596
63609
63628
63629
63630
63636
63638
63639
63654
63667
63673
63680
63682
63693
63729
63739
63748
63759
63774
63785
63786
63788
63797
63814
63816
63818
63822
63841
63858
63865
63871
63873
63878
63882
63890
63898
63900
63904
63915
63922
63925
63987
63989
64011
64013
64016
64023
64024
64027
64031
64043
64044
64047
64054
64055
64060
64070
64072
64076
64082
64083
64092
64099
64101
64103
64113
64117
64126
64135
64145
64156
64157
64162
64167
64171
64177
64179
64192
64212
64220
64230
64236
64255
64256
64265
64266
64268
64271
64276
64296
64303
64309
64323
64324
64326
64332
64335
64338
64369
64373
64374
64397
64401
64406
64409
64414
64417
64422
64430
64432
64441
64462
64471
64476
64479
64480
64484
64502
64519
64520
64537
64546
64553
64559
64568
64571
64582
64586
64624
64629
64633
64658
64680
64687
64689
64690
64715
64721
64726
64733
64745
64746
64754
64759
64781
64782
64784
64786
64787
64789
64797
64806
64810
64828
64844
64850
64857
64860
64863
64879
64898
64901
64914
64920
64935
64946
64947
64956
64972
64988
65003
65008
65010
65017
65029
65032
65050
65056
65061
65070
65078
65085
65087
65094
65106
65117
65163
65169
65190
65192
65199
65205
65206
65229
65268
65269
65276
65280
65281
65285
65289
65290
65297
65298
65304
65322
65323
65355
65363
65364
65382
65384
65385
65393
65397
65409
65431
65437
65438
65453
65460
65462
65465
65476
65481
65487
65489
65502
65507
65513
65517
65542
65551
65566
65568
65576
65583
65595
65598
65602
65613
65614
65617
65624
65637
65648
65653
65654
65660
65662
65696
65705
65715
65716
65719
65723
65734
65739
65740
65743
65746
65749
65780
65786
65788
65791
65802
65808
65810
65817
65822
65824
65827
65830
65847
65866
65868
65882
65887
65897
65902
65905
65926
65927
65941
65942
65976
65979
65988
65995
65996
66002
66005
66009
66011
66016
66017
66018
66031
66038
66040
66043
66046
66059
66076
66084
66085
66111
66113
66114
66122
66123
66133
66134
66135
66141
66148
66155
66164
66169
66187
66193
66202
66228
66236
66246
66261
66266
66279
66290
66293
66295
66324
66328
66330
66339
66345
66368
66373
66375
66398
66406
66417
66419
66434
66444
66445
66456
66464
66469
66483
66485
66505
66507
66525
66533
66537
66541
66556
66558
66564
66567
66568
66570
66576
66579
66588
66590
66595
66630
66633
66645
66652
66661
66669
66671
66673
66678
66681
66700
66701
66732
66735
66757
66772
66783
66786
66788
66805
66817
66829
66834
66835
66860
66869
66873
66875
66879
66884
66896
66904
66907
66909
66915
66920
66924
66935
66937
66938
66941
66943
66957
66963
66976
66981
66983
66984
66988
66995
66996
66999
67005
67021
67027
67057
67062
67079
67081
67090
67092
67094
67099
67101
67105
67108
67114
67129
67136
67139
67146
67148
67183
67186
67215
67224
67226
67229
67237
67250
67261
67270
67272
67277
67278
67285
67286
67303
67304
67316
67344
67347
67348
67351
67358
67360
67361
67365
67378
67387
67413
67424
67438
67451
67479
67500
67515
67548
67565
67566
67570
67575
67576
67580
67596
67609
67619
67623
67641
67644
67657
67658
67659
67694
67697
67703
67717
67755
67796
67800
67809
67818
67830
67831
67833
67841
67850
67868
67875
67881
67890
67894
67898
67902
67910
67913
67918
67951
67956
67970
67973
67977
67999
68015
68019
68021
68023
68046
68056
68060
68064
68069
68087
68095
68105
68117
68122
68134
68151
68175
68187
68193
68202
68236
68248
68260
68278
68279
68285
68286
68291
68293
68303
68304
68316
68321
68360
68375
68385
68389
68408
68412
68417
68447
68452
68459
68460
68463
68480
68495
68499
68501
68504
68516
68523
68534
68542
68549
68553
68569
68577
68580
68618
68620
68621
68638
68646
68662
68667
68681
68688
68691
68708
68719
68728
68730
68743
68747
68751
68771
68776
68777
68778
68780
68785
68789
68809
68812
68820
68832
68841
68855
68857
68860
68874
68876
68881
68885
68890
68891
68892
68893
68924
68952
68965
68967
68971
68974
68976
68980
68989
68994
68999
69005
69007
69011
69028
69037
69044
69075
69095
69099
69100
69103
69110
69111
69150
69161
69170
69183
69188
69189
69192
69196
69229
69237
69253
69275
69288
69298
69303
69309
69318
69320
69322
69339
69340
69341
69361
69372
69398
69402
69405
69414
69440
69445
69468
69474
69477
69479
69481
69503
69505
69536
69544
69554
69557
69568
69569
69575
69580
69596
69601
69609
69631
69638
69652
69654
69657
69662
69664
69701
69704
69715
69717
69724
69736
69760
69770
69784
69796
69808
69812
69823
69834
69846
69854
69863
69869
69878
69880
69884
69904
69908
69913
69927
69938
69939
69947
69952
69956
69970
69991
69996
69997
70009
70045
70054
70064
70089
70094
70109
70111
70112
70135
70148
70157
70159
70167
70170
70173
70177
70194
70214
70217
70230
70241
70246
70248
70252
70267
70275
70276
70296
70313
70319
70324
70333
70334
70337
70359
70366
70392
70409
70410
70416
70417
70422
70457
70484
70490
70496
70502
70509
70520
70543
70556
70558
70560
70564
70569
70577
70580
70584
70607
70628
70633
70643
70653
70655
70660
70675
70681
70700
70711
70728
70735
70756
70760
70786
70788
70802
70810
70814
70835
70838
70852
70875
70881
70910
70920
70937
70946
70948
70956
70967
70969
70978
70984
70985
71008
71025
71038
71040
71058
71067
71073
71074
71075
71085
71092
71093
71102
71116
71118
71120
71121
71126
71129
71130
71140
71152
71161
71169
71175
71185
71187
71188
71200
71204
71206
71215
71219
71224
71241
71246
71254
71257
71262
71267
71275
71279
71290
71299
71300
71305
71309
71312
71313
71318
71326
71340
71357
71367
71380
71385
71416
71435
71440
71453
71459
71474
71481
71485
71489
71492
71493
71496
71499
71510
71513
71519
71520
71525
71550
71551
71565
71594
71607
71608
71622
71624
71626
71627
71632
71637
71638
71643
71644
71651
71655
71661
71671
71679
71701
71703
71708
71736
71752
71766
71774
71782
71793
71797
71798
71800
71807
71808
71809
71811
71822
71836
71839
71840
71848
71849
71852
71856
71860
71884
71908
71911
71916
71946
71961
71966
71970
71972
71973
71975
71976
71981
71986
71993
72025
72037
72044
72047
72077
72100
72102
72105
72113
72117
72120
72125
72138
72143
72144
72154
72161
72186
72191
72194
72198
72200
72217
72223
72225
72237
72264
72269
72272
72288
72294
72300
72310
72314
72318
72324
72328
72329
72333
72346
72356
72364
72371
72375
72385
72390
72391
72411
72420
72426
72434
72452
72454
72458
72470
72471
72475
72485
72486
72521
72548
72555
72579
72580
72585
72586
72608
72615
72627
72631
72642
72648
72653
72659
72660
72670
72690
72693
72710
72728
72779
72810
72823
72828
72829
72835
72882
72884
72916
72922
72925
72938
72943
72954
72955
72959
72960
72964
72969
72971
72984
73003
73017
73018
73026
73033
73037
73039
73054
73060
73085
73109
73117
73128
73143
73159
73166
73170
73206
73208
73233
73250
73260
73264
73273
73274
73321
73332
73335
73337
73338
73386
73392
73411
73414
73430
73435
73442
73449
73455
73473
73476
73487
73515
73517
73518
73522
73533
73540
73541
73547
73566
73567
73570
73576
73589
73602
73607
73608
73618
73620
73621
73624
73641
73655
73657
73661
73663
73674
73679
73682
73683
73687
73697
73702
73705
73709
73734
73738
73744
73757
73761
73769
73772
73785
73792
73796
73806
73809
73816
73844
73849
73861
73867
73870
73871
73872
73873
73882
73903
73907
73911
73922
73924
73948
73959
73960
73982
73988
73993
74012
74021
74023
74027
74028
74029
74037
74041
74046
74048
74051
74052
74058
74067
74071
74078
74087
74090
74098
74101
74105
74106
74119
74130
74139
74152
74155
74163
74164
74168
74170
74177
74183
74185
74188
74216
74230
74231
74243
74248
74267
74271
74328
74331
74332
74346
74348
74349
74350
74355
74357
74359
74376
74384
74417
74418
74419
74423
74437
74442
74449
74452
74453
74467
74475
74487
74498
74510
74524
74530
74535
74552
74560
74579
74585
74588
74599
74612
74615
74621
74623
74668
74691
74701
74708
74709
74713
74725
74726
74738
74739
74751
74753
74767
74773
74781
74796
74801
74833
74836
74838
74849
74871
74877
74885
74896
74898
74901
74919
74922
74923
74932
74938
74939
74940
74945
74951
74964
74965
74968
74971
74981
74989
74994
75006
75019
75029
75030
75068
75074
75084
75091
75093
75104
75106
75108
75119
75120
75143
75145
75155
75156
75160
75161
75175
75193
75199
75224
75238
75242
75247
75282
75294
75299
75303
75307
75317
75332
75336
75338
75345
75356
75360
75362
75367
75375
75393
75417
75434
75438
75449
75450
75451
75463
75466
75503
75509
75516
75552
75558
75562
75563
75571
75578
75593
75624
75635
75636
75668
75674
75689
75692
75695
75712
75713
75733
75735
75738
75742
75749
75762
75764
75767
75768
75779
75791
75796
75807
75823
75834
75848
75851
75859
75860
75902
75905
75910
75912
75913
75914
75922
75923
75924
75944
75946
75948
75951
75970
75975
75978
75991
75996
76000
76018
76026
76029
76047
76048
76069
76070
76077
76117
76122
76127
76136
76144
76152
76166
76174
76177
76178
76192
76197
76201
76230
76236
76239
76240
76241
76249
76251
76252
76254
76265
76268
76270
76271
76274
76284
76294
76304
76305
76306
76328
76334
76340
76359
76360
76376
76381
76386
76388
76390
76393
76405
76409
76417
76428
76431
76437
76464
76479
76491
76493
76513
76519
76543
76559
76583
76597
76616
76628
76630
76631
76639
76659
76664
76666
76677
76683
76695
76709
76714
76722
76730
76739
76757
76764
76771
76777
76789
76790
76799
76803
76815
76821
76824
76831
76834
76835
76855
76860
76862
76868
76880
76892
76894
76902
76906
76908
76916
76923
76926
76931
76938
76941
76956
76965
76966
76967
76970
76973
76975
76984
77014
77022
77033
77044
77054
77064
77068
77070
77078
77081
77113
77118
77124
77125
77141
77150
77158
77165
77185
77187
77192
77194
77199
77205
77209
77217
77219
77221
77225
77226
77237
77243
77249
77251
77254
77275
77285
77290
77300
77306
77320
77322
77331
77338
77343
77353
77358
77390
77403
77407
77413
77431
77451
77453
77460
77467
77483
77498
77517
77531
77534
77537
77546
77556
77566
77567
77569
77573
77582
77583
77591
77595
77619
77643
77672
77674
77685
77713
77730
77731
77750
77751
77753
77768
77776
77779
77785
77791
77814
77817
77831
77833
77835
77840
77850
77855
77856
77859
77866
77870
77872
77873
77880
77894
77896
77897
77900
77907
77911
77950
77969
77974
77982
78008
78019
78021
78024
78025
78035
78047
78049
78061
78076
78096
78108
78115
78124
78134
78139
78152
78159
78171
78176
78189
78190
78202
78238
78251
78257
78258
78262
78265
78272
78275
78282
78289
78299
78300
78305
78307
78324
78325
78354
78393
78408
78411
78415
78419
78430
78437
78439
78455
78459
78469
78472
78477
78483
78486
78488
78502
78505
78536
78546
78548
78550
78555
78556
78560
78562
78587
78606
78608
78614
78627
78637
78640
78646
78656
78659
78666
78668
78678
78682
78700
78718
78721
78730
78733
78739
78740
78747
78754
78759
78765
78768
78774
78790
78794
78809
78810
78815
78816
78819
78824
78859
78869
78881
78903
78914
78925
78931
78954
78962
78976
78997
78999
79005
79010
79017
79018
79019
79035
79058
79059
79061
79076
79078
79088
79090
79095
79098
79114
79137
79149
79152
79193
79194
79208
79217
79220
79222
79224
79225
79226
79228
79238
79248
79250
79260
79265
79275
79278
79280
79281
79283
79294
79306
79334
79336
79339
79369
79370
79381
79383
79388
79404
79405
79416
79433
79440
79441
79445
79453
79455
79458
79460
79462
79464
79465
79471
79479
79482
79489
79497
79504
79506
79555
79566
79570
79582
79583
79584
79592
79593
79595
79596
79604
79617
79620
79623
79640
79649
79650
79662
79663
79669
79685
79702
79703
79705
79707
79712
79716
79722
79726
79731
79734
79736
79737
79752
79755
79757
79761
79778
79782
79783
79789
79793
79808
79811
79824
79831
79833
79858
79875
79883
79894
79902
79904
79922
79938
79941
79942
79948
79951
79982
79983
79987
79989
79993
79999
80001
80002
80008
80036
80039
80043
80045
80076
80078
80080
80098
80105
80110
80111
80112
80118
80122
80128
80147
80150
80170
80181
80182
80196
80199
80201
80214
80232
80236
80237
80241
80248
80260
80272
80285
80289
80290
80301
80306
80327
80333
80336
80342
80352
80360
80385
80386
80398
80401
80412
80413
80414
80423
80426
80433
80434
80440
80443
80445
80448
80465
80472
80477
80478
80515
80518
80523
80530
80549
80561
80562
80563
80570
80572
80574
80585
80589
80590
80595
80612
80620
80639
80649
80663
80669
80671
80685
80711
80735
80739
80748
80749
80752
80765
80767
80780
80793
80794
80801
80812
80814
80834
80838
80839
80840
80844
80846
80852
80853
80859
80860
80874
80879
80889
80890
80893
80895
80897
80913
80920
80922
80933
80939
80946
80950
80954
80956
80960
80963
80964
80968
80973
80980
80984
81019
81033
81037
81042
81051
81088
81097
81112
81122
81127
81142
81153
81160
81163
81186
81187
81189
81193
81204
81218
81225
81226
81232
81239
81246
81248
81253
81260
81265
81283
81300
81302
81312
81319
81328
81345
81356
81359
81369
81370
81376
81379
81384
81394
81403
81409
81423
81424
81432
81439
81463
81474
81477
81489
81490
81496
81498
81508
81510
81516
81557
81562
81586
81593
81609
81615
81638
81639
81665
81681
81701
81703
81725
81741
81747
81764
81785
81787
81791
81802
81816
81821
81822
81824
81846
81852
81855
81892
81894
81896
81901
81909
81913
81937
81941
81953
81954
81956
81957
81963
81970
81974
81981
81985
81989
81993
82014
82015
82019
82021
82032
82049
82066
82073
82076
82081
82085
82088
82092
82094
82108
82116
82118
82119
82128
82141
82143
82147
82155
82157
82169
82179
82183
82194
82204
82205
82228
82230
82244
82260
82265
82274
82282
82303
82309
82310
82319
82327
82330
82342
82351
82372
82374
82386
82387
82389
82422
82425
82431
82436
82440
82442
82448
82449
82471
82498
82499
82517
82518
82524
82538
82540
82543
82546
82547
82548
82560
82575
82587
82619
82632
82643
82644
82646
82651
82655
82658
82676
82679
82683
82685
82688
82703
82744
82753
82765
82779
82780
82786
82797
82816
82830
82831
82840
82845
82848
82849
82853
82855
82872
82877
82881
82884
82892
82902
82907
82920
82927
82935
82950
82955
82959
82963
82969
82976
82979
82980
82988
82998
83004
83021
83022
83039
83057
83059
83061
83062
83097
83101
83104
83105
83110
83112
83113
83124
83127
83130
83131
83140
83146
83153
83155
83156
83159
83171
83175
83176
83178
83190
83198
83199
83204
83212
83219
83237
83248
83250
83256
83260
83271
83275
83280
83298
83312
83320
83343
83347
83357
83365
83373
83376
83377
83383
83407
83417
83422
83423
83442
83446
83448
83460
83467
83470
83471
83483
83488
83495
83502
83508
83511
83524
83526
83528
83556
83572
83577
83578
83584
83599
83600
83607
83612
83630
83635
83645
83648
83651
83652
83675
83702
83709
83729
83742
83760
83761
83764
83780
83818
83820
83824
83830
83835
83846
83860
83863
83867
83873
83875
83880
83885
83886
83889
83905
83907
83917
83940
83942
83961
83976
83984
83989
84005
84011
84021
84029
84043
84048
84051
84056
84070
84073
84076
84080
84094
84100
84107
84111
84120
84126
84129
84131
84148
84155
84171
84178
84207
84208
84214
84228
84229
84230
84235
84239
84240
84249
84256
84270
84271
84277
84280
84299
84302
84309
84322
84331
84332
84343
84344
84372
84380
84386
84391
84403
84408
84413
84416
84418
84420
84431
84471
84493
84497
84499
84505
84509
84514
84526
84528
84556
84562
84565
84570
84571
84573
84603
84606
84614
84621
84631
84635
84638
84652
84655
84682
84688
84694
84711
84718
84722
84737
84738
84740
84754
84756
84757
84760
84764
84777
84795
84800
84806
84808
84817
84829
84850
84865
84871
84919
84927
84937
84943
84954
84962
84970
84976
84981
84992
85003
85010
85012
85013
85030
85034
85038
85039
85044
85049
85066
85068
85076
85080
85091
85092
85093
85094
85110
85114
85166
85171
85172
85175
85178
85181
85188
85202
85215
85216
85251
85261
85262
85270
85273
85281
85289
85290
85302
85317
85320
85321
85323
85331
85337
85340
85356
85367
85375
85378
85389
85396
85400
85401
85424
85431
85433
85434
85436
85452
85453
85457
85458
85462
85464
85466
85487
85498
85499
85510
85511
85519
85526
85544
85547
85559
85561
85564
85567
85573
85575
85582
85591
85592
85604
85605
85650
85656
85658
85666
85672
85690
85692
85731
85772
85777
85782
85791
85796
85806
85816
85825
85829
85830
85882
85883
85892
85910
85917
85929
85952
85954
85957
85960
85962
85963
85983
85984
85995
86005
86020
86026
86031
86040
86042
86048
86077
86080
86082
86086
86087
86089
86093
86099
86122
86127
86128
86130
86133
86138
86141
86149
86150
86153
86159
86162
86164
86186
86190
86193
86198
86205
86215
86219
86220
86226
86233
86242
86246
86259
86270
86284
86313
86316
86318
86349
86359
86361
86366
86367
86381
86389
86436
86449
86459
86460
86473
86477
86488
86490
86494
86500
86502
86503
86522
86525
86530
86534
86537
86539
86558
86572
86575
86576
86631
86633
86641
86642
86660
86662
86666
86668
86687
86705
86714
86727
86755
86776
86803
86811
86821
86828
86832
86833
86836
86845
86860
86863
86869
86875
86886
86894
86898
86901
86917
86923
86937
86939
86943
86944
86970
86982
86986
87005
87019
87022
87030
87044
87045
87050
87051
87053
87068
87070
87072
87083
87084
87096
87116
87131
87134
87136
87144
87147
87148
87152
87153
87188
87196
87208
87213
87217
87219
87222
87223
87225
87228
87234
87253
87263
87286
87292
87298
87304
87312
87315
87334
87346
87349
87351
87363
87365
87369
87378
87381
87383
87386
87390
87423
87434
87435
87436
87440
87448
87461
87476
87480
87492
87512
87521
87529
87530
87538
87539
87554
87566
87598
87621
87625
87636
87654
87690
87699
87734
87735
87737
87743
87759
87765
87772
87781
87785
87791
87794
87802
87803
87809
87812
87819
87832
87834
87835
87836
87844
87849
87860
87861
87862
87868
87869
87879
87880
87907
87928
87940
87943
87947
87948
87954
87956
87963
87976
87979
87999
88006
88019
88030
88033
88040
88043
88045
88073
88077
88084
88114
88119
88122
88128
88141
88150
88160
88178
88182
88183
88184
88199
88218
88225
88228
88231
88235
88250
88251
88253
88255
88258
88262
88263
88279
88289
88299
88300
88302
88325
88358
88359
88367
88371
88376
88377
88414
88423
88430
88474
88476
88477
88481
88482
88488
88498
88514
88518
88525
88542
88546
88559
88563
88579
88588
88590
88599
88601
88602
88611
88615
88617
88630
88637
88640
88658
88671
88677
88680
88681
88688
88695
88696
88699
88708
88744
88748
88753
88755
88760
88761
88771
88780
88790
88796
88801
88817
88818
88828
88834
88839
88844
88846
88852
88868
88884
88890
88895
88906
88908
88911
88921
88924
88926
88928
88957
88960
88962
88974
88998
89005
89014
89017
89027
89036
89038
89039
89043
89046
89059
89064
89066
89068
89080
89085
89092
89114
89116
89125
89141
89142
89143
89146
89152
89165
89167
89169
89186
89193
89219
89222
89227
89230
89235
89251
89258
89261
89265
89268
89270
89284
89288
89290
89291
89298
89320
89331
89337
89359
89372
89398
89405
89408
89410
89428
89429
89430
89438
89449
89450
89453
89454
89470
89484
89493
89499
89505
89514
89516
89538
89547
89556
89575
89577
89583
89586
89587
89589
89598
89602
89603
89614
89622
89638
89646
89649
89650
89652
89661
89671
89682
89689
89693
89707
89708
89709
89726
89729
89746
89755
89758
89759
89761
89782
89788
89791
89793
89795
89798
89804
89806
89834
89848
89849
89850
89860
89862
89867
89872
89891
89915
89918
89922
89930
89932
89936
89954
89968
89973
89984
89989
89992
90001
90008
90018
90020
90031
90037
90038
90043
90052
90060
90061
90073
90074
90086
90087
90092
90139
90143
90160
90168
90177
90184
90192
90197
90212
90215
90234
90248
90249
90263
90267
90273
90289
90292
90307
90309
90310
90316
90331
90335
90337
90355
90367
90370
90388
90391
90406
90417
90425
90439
90446
90447
90451
90466
90482
90494
90505
90507
90510
90531
90543
90544
90546
90549
90556
90566
90567
90581
90582
90595
90597
90607
90641
90642
90646
90649
90657
90666
90683
90686
90690
90694
90699
90700
90712
90726
90730
90733
90742
90758
90762
90775
90778
90780
90794
90804
90805
90819
90820
90860
90865
90890
90901
90915
90922
90928
90936
90940
90947
90984
90996
91006
91012
91019
91028
91032
91079
91102
91108
91163
91164
91173
91180
91187
91191
91203
91204
91228
91229
91244
91251
91264
91269
91272
91278
91279
91300
91317
91319
91334
91339
91348
91351
91352
91356
91375
91391
91392
91397
91404
91416
91423
91424
91426
91438
91446
91451
91452
91454
91487
91488
91493
91500
91505
91512
91513
91514
91520
91521
91522
91534
91555
91563
91573
91582
91584
91594
91600
91615
91623
91627
91635
91643
91647
91650
91654
91663
91684
91703
91724
91732
91737
91746
91776
91794
91795
91806
91822
91842
91850
91853
91874
91891
91895
91903
91908
91927
91936
91940
91943
91951
91954
91964
91966
91974
91978
91984
92013
92018
92021
92022
92023
92034
92062
92071
92081
92085
92099
92118
92123
92124
92128
92154
92155
92156
92164
92167
92168
92175
92179
92181
92187
92188
92191
92195
92196
92199
92209
92213
92229
92230
92236
92259
92263
92264
92274
92282
92305
92309
92310
92315
92330
92333
92341
92343
92346
92352
92361
92363
92368
92369
92372
92380
92384
92385
92390
92397
92424
92426
92430
92439
92443
92458
92465
92470
92472
92483
92494
92510
92519
92522
92524
92554
92566
92567
92580
92581
92583
92597
92608
92613
92621
92625
92630
92638
92650
92653
92659
92669
92670
92676
92677
92680
92703
92704
92707
92714
92721
92728
92735
92787
92804
92854
92868
92886
92921
92945
92954
92960
92975
92983
92986
93012
93020
93025
93032
93057
93062
93071
93072
93073
93082
93083
93089
93099
93117
93129
93130
93135
93151
93155
93161
93166
93169
93173
93177
93190
93193
93194
93196
93206
93220
93232
93249
93252
93255
93275
93277
93280
93283
93286
93287
93295
93303
93312
93320
93324
93328
93362
93363
93369
93390
93394
93402
93408
93417
93429
93431
93446
93452
93457
93462
93463
93472
93473
93479
93507
93515
93519
93549
93554
93562
93586
93588
93591
93594
93607
93611
93614
93615
93624
93627
93637
93651
93660
93672
93673
93674
93682
93693
93695
93710
93725
93739
93741
93745
93749
93752
93756
93769
93774
93778
93790
93798
93823
93829
93836
93837
93844
93854
93858
93879
93881
93912
93914
93933
93946
93952
93962
93997
94008
94021
94036
94039
94045
94058
94060
94061
94096
94097
94102
94109
94126
94142
94147
94152
94160
94164
94189
94195
94205
94206
94210
94226
94227
94241
94253
94261
94276
94287
94299
94302
94303
94307
94310
94312
94319
94333
94336
94340
94351
94370
94375
94380
94385
94397
94405
94413
94436
94441
94448
94455
94464
94468
94472
94486
94519
94523
94532
94541
94564
94579
94591
94595
94627
94632
94639
94645
94652
94698
94706
94708
94714
94721
94722
94726
94740
94745
94752
94758
94765
94783
94788
94789
94814
94843
94849
94852
94876
94881
94884
94893
94896
94907
94912
94914
94923
94940
94942
94959
94966
94971
94975
94980
94991
95011
95028
95035
95037
95048
95066
95075
95084
95091
95095
95108
95115
95120
95124
95132
95165
95171
95199
95200
95212
95220
95224
95232
95235
95236
95245
95259
95285
95287
95289
95298
95306
95309
95332
95342
95344
95357
95365
95367
95369
95378
95379
95384
95392
95404
95405
95423
95430
95440
95442
95451
95459
95462
95472
95476
95482
95511
95533
95542
95543
95559
95569
95587
95593
95596
95601
95603
95604
95607
95608
95635
95651
95667
95675
95691
95713
95715
95719
95723
95731
95732
95743
95748
95752
95787
95788
95793
95809
95814
95817
95821
95828
95851
95856
95859
95860
95864
95876
95883
95886
95901
95908
95932
95935
95936
95956
95957
95996
95998
95999
96002
96003
96008
96010
96012
96018
96033
96041
96045
96060
96061
96062
96072
96076
96078
96084
96089
96091
96098
96121
96169
96172
96178
96182
96204
96208
96211
96214
96216
96223
96238
96241
96256
96271
96278
96280
96302
96305
96313
96317
96337
96338
96341
96349
96359
96363
96365
96366
96380
96387
96390
96400
96405
96418
96420
96433
96450
96455
96474
96478
96479
96485
96512
96520
96523
96535
96542
96543
96545
96547
96555
96579
96593
96598
96617
96633
96634
96656
96662
96669
96675
96680
96689
96690
96707
96710
96713
96731
96741
96747
96748
96764
96768
96775
96776
96780
96789
96792
96802
96803
96817
96831
96833
96837
96864
96875
96886
96909
96913
96923
96925
96930
96934
96936
96949
96951
96957
96963
96969
96981
96991
96993
96994
97007
97022
97023
97030
97048
97103
97117
97132
97144
97151
97154
97162
97167
97175
97176
97191
97195
97196
97198
97200
97214
97218
97226
97231
97233
97237
97238
97241
97244
97250
97262
97263
97264
97270
97296
97299
97307
97316
97317
97320
97324
97345
97356
97360
97362
97374
97376
97387
97402
97409
97413
97415
97416
97426
97449
97465
97466
97474
97479
97486
97487
97488
97493
97502
97511
97523
97526
97531
97536
97542
97546
97547
97562
97571
97577
97579
97588
97592
97593
97602
97608
97613
97617
97633
97638
97649
97673
97683
97688
97690
97699
97715
97722
97723
97730
97737
97740
97756
97759
97763
97770
97771
97782
97786
97793
97799
97800
97802
97806
97809
97813
97815
97820
97826
97830
97839
97841
97845
97859
97876
97882
97890
97894
97932
97935
97947
97953
97955
97957
97965
97969
97975
97977
97986
97991
98021
98024
98041
98054
98056
98057
98081
98085
98094
98102
98105
98109
98111
98113
98116
98128
98129
98140
98143
98147
98161
98183
98184
98203
98211
98228
98231
98232
98240
98241
98272
98283
98292
98299
98302
98303
98308
98322
98338
98346
98356
98363
98375
98390
98393
98402
98404
98421
98428
98448
98457
98458
98464
98466
98467
98471
98475
98477
98493
98501
98528
98535
98539
98552
98558
98562
98571
98579
98588
98633
98644
98653
98657
98674
98677
98682
98688
98692
98698
98704
98705
98712
98713
98717
98718
98727
98734
98739
98741
98747
98768
98770
98785
98798
98805
98825
98831
98846
98853
98862
98866
98871
98887
98889
98897
98900
98915
98934
98941
98942
98949
98952
98957
98964
98983
98984
99014
99026
99028
99031
99032
99037
99039
99048
99098
99103
99109
99118
99120
99131
99134
99138
99145
99158
99159
99163
99182
99191
99198
99204
99210
99217
99224
99228
99257
99260
99261
99267
99282
99283
99309
99311
99319
99324
99331
99334
99335
99368
99369
99372
99380
99391
99403
99425
99435
99459
99497
99505
99516
99525
99529
99537
99542
99553
99559
99561
99568
99574
99586
99589
99592
99600
99617
99633
99635
99636
99640
99642
99649
99664
99696
99699
99701
99709
99722
99725
99732
99755
99764
99766
99775
99793
99800
99807
99809
99820
99840
99841
99854
99861
99863
99864
99866
99875
99893
99894
99895
99898
99899
99902
99906
99919
99929
99932
99938
99950
99951
99965
99977
99978
99979
99995
99997
6420520
